00000000000000000000000000000000
00000000000000000000000000000111
00000000000000000000000000000111
00000000000000000001110000111000
00000000001111110000001111000000
00000000001111110000001111000000
00011111111111111110000000000000
00011111111111111110000000000000
00011111111111111110000000000000
00011111111111111110000000000111
00000000000001111110000000000111
00000000000001111110000000000111
00000011110001111110000000000000
00000011110001111110000000000000
00000011110001111110000000000000
00000000000001111110000000000111
00000000000001111110000000000000
00000000000001111110000000000000
00000000000001111110000000000000
00000000000001111110000000000000
11100000000001111110001111000111
11100000000001111110001111000111
11100000000001111110000000000000
00000000000001111110000000000000
00000000000001111110000000000000
00011111111111111111111111111000
00011111111111111111111111111000
00011111111111111111111111111000
00000000000000000000001111000000
00000000000000000001110000000000
00000000000000000001110000000000
00000000000000000000000000000000
