00000000000000000000000000000000
11100000000000000000000000000000
11100000000000000000000000000000
11100000000011100111000000000000
00000000000000000000000111111000
00000000000000000000000111111000
00000011111111111111000000000111
00011111111111111111111000000000
00011111111111111111111000000000
00011111111111111111111000000111
00000000000000011111000000000000
00000000000000011111000000000000
11100000000000011111000000000000
00000000000011111111000000000000
00000000000011111111000000000000
00000000000000011111000000111000
00000000000011111111111000111111
00000000000000011111111000000111
00000000000000011111111000000111
00011100000000011111000111000000
00000000000000011111000000000000
00000000000000011111000000000000
00000000000000011111000111111000
00000000000000011111000000000000
00000000000000011111000000000000
00000011111111111111111111111111
00000011111111111111111111111000
00000011111111111111111111111000
00000000000000000000000000000000
00000000000000000000000000000111
00000000000000000000000000000111
00000000000000000000000000000000
