00000000000000000000000000000000
00000000000000000000000000000000
00000000000000000000000000000000
00000000000000000000000000000000
00000000000000000000001111000000
00000000000000000000001111000000
11111111111111111111110000000111
00011111111111111110000000111000
00011111111111111110000000111000
00011111111111111110000000000000
00011100000001111110000000000000
00011100000001111110000000000000
00000000000001111110000000111000
11100000000001111110000000000111
11100000000001111110000000000111
00000000000001111110000000000000
00000000000001111110000000111000
00000000000001111110000000000111
00000000000001111110000000000111
00000000000001111110000000000000
00000000000001111110000000111000
00000000000001111110000000111000
00000000001111111111110000111000
00000000000001111110000000111000
00000000000001111110000000111000
11111111111111111111111111111000
11111111111111111111111111111000
11111111111111111111111111111000
00000011110000000000000000000000
11100000000000000000000000000111
11100000000000000000000000000111
00000000001110000000000000000111
