00000000000000000000000000000000
00000000000011100111000000000000
00000000000011100111000000000000
00000000000000000111000000111000
00000000000000000000000000111111
00000000000000000000000000111111
00000011111111111111000000000000
00011111111111111111000000000000
00011111111111111111000000000000
00000011111111111111000000000000
00000000000000011111000000000000
00000000000000011111000000000000
00011100000000011111000000111000
00011100000000011111111000000000
00011100000000011111111000000000
11100000000000011111111111111000
11100011100000011111000000111000
11100000000000011111000000000111
11100000000000011111000000000111
00000000000000011111000000111000
00000011100000011111111000111000
00000011100000011111111000111000
11111100000000011111000000000111
11100000000000011111111000000111
11100000000000011111111000000111
11111111111111111111111111111111
00011111111111111111111111111000
00011111111111111111111111111000
00011100000000000000000000000000
00000000000000000000000000000000
00000000000000000000000000000000
00000000000000000000111000111000
