00000000000000000000000000000000
00000000000000000000000000000000
00000000000000000000000000000000
11111000000000000000000000000000
11111111111111110000000000000000
11111111111111110000000000000000
00000000000000000000000000000000
00000000000000000000000000000000
00000000000000000000000000000000
00000111111000000000011111100000
00000111111000000000000000000000
00000111111000000000000000000000
00000000000000000000000000000000
00000000000000000000000000011111
00000000000000000000000000011111
00000111111000001111100000000000
00000000000111111111100000000000
11111000000111110000000000011111
11111000000111110000000000011111
00000000000000000000000000011111
00000000000111111111100000000000
00000000000111111111100000000000
00000000000111110000011111100000
00000000000000001111100000000000
00000000000000001111100000000000
00000000000000000000000000011111
00000000000000000000000000000000
00000000000000000000000000000000
00000000000000000000011111111111
00000000000000000000011111100000
00000000000000000000011111100000
00000000000000000000000000000000
