00000000000000000000000000000000
00000000000000000000000000000000
00000000000000000000000000000000
00000000000000000000000000000000
00000000000000000000000000000000
00000000000000000000000000000000
11111111111111111111000000000000
11111111111111111111000000000000
11111111111111111111000000000000
11111111111111111111000000000000
00000000000011111111000000000000
00000000000011111111000000000000
00000000000011111111000000001111
11110000111111111111000000000000
11110000111111111111000000000000
00000000000011111111000000001111
00001111000011111111000000000000
00000000000011111111000000000000
00000000000011111111000000000000
00000000000011111111000000000000
00000000000011111111000000000000
00000000000011111111000000000000
00000000000011111111000000000000
11110000000011111111000000000000
11110000000011111111000000000000
11111111111111111111111111111111
11111111111111111111111111111111
11111111111111111111111111111111
00000000000000001111000000000000
00000000000000001111000000000000
00000000000000001111000000000000
00000000000000000000000011110000
