00000000000000000000000000000000
00011000111000000000000000011000
00011000111000000000000000011000
00011000000000000000011100000111
00000111000110000001100000000000
00000111000110000001100000000000
00000111000111111111111100000000
00000000000111111111111111100000
00000000000111111111111111100000
00000000000111111111111100000000
00000000111000000001111100000111
00000000111000000001111100000111
00000000111000000001111100000000
00000000000000000001111100000111
00000000000000000001111100000111
00000000111000000001111111100000
00000000000000000001111100000000
11100111000000000001111100000111
11100111000000000001111100000111
11100000000000001111111100000000
00000000000000000001111100000000
00000000000000000001111100000000
00000000000000000001111100011000
00000000000000000001111100000000
00000000000000000001111100000000
00000000000111111111111111111111
00011000000111111111111111111111
00011000000111111111111111111111
00000000000110000000000000000111
00000000000000001110000000000111
00000000000000001110000000000111
00000111000000000000000000000000
