00000000000000000000000000000000
00000000000000111100011110000000
00000000000000111100011110000000
00000000000000000000000000001111
11111111111000000000000000001111
11111111111000000000000000001111
11111111111111111100000000000000
11111111111111111100011110000000
11111111111111111100011110000000
11111111111111111100000000000000
11110000000111111100000000000000
11110000000111111100000000000000
00000001111111111100000000000000
00001110000111111100011110000000
00001110000111111100011110000000
00000000000111111100000000000000
00000000000111111100011111110000
00000000000111111100000000001111
00000000000111111100000000001111
00000000000111111100000000000000
00000000000111111100000001110000
00000000000111111100000001110000
00000000000111111100000000001111
00000000000111111100000001110000
00000000000111111100000001110000
11111111111111111111111111110000
11111111111111111111111111110000
11111111111111111111111111110000
00000000000000000000000000000000
00001110000000000000000000001111
00001110000000000000000000001111
11110001111000000000000000000000
