00000000000000000000000000000000
00000000000000111100000000000000
00000000000000111100000000000000
00000000000111000011111110000000
00000000000000000000000000000000
00000000000000000000000000000000
00001111111111111111100000000000
00001111111111111111100000000000
00001111111111111111100000000000
11111111111111111111100000000000
00000000000000111111100000000000
00000000000000111111100000000000
00000000000000111111100000000000
00000000000000111111100000000000
00000000000000111111100000000000
00000000000111111111100000000000
00001111111111111111100000001111
00000000000000111111111110000000
00000000000000111111111110000000
00000000000000111111100000000000
00000000000000111111111110001111
00000000000000111111111110001111
11110001111000111111100000001111
00000000000111111111100001110000
00000000000111111111100001110000
11111111111111111111111111111111
11111111111111111111111111111111
11111111111111111111111111111111
00000000000000000000011110000000
00000000000000111100000000001111
00000000000000111100000000001111
00000000000000111111100000000000
