00000000000000000000000000000000
00000000000000000000000000000000
00000000000000000000000000000000
00000000000011110000000000000000
00001111000000000000000000000000
00001111000000000000000000000000
11111111111111111111000000000000
11111111111111111111000000001111
11111111111111111111000000001111
11111111111111111111000000000000
00000000111111111111000000000000
00000000111111111111000000000000
00000000000011111111000011110000
11110000000011111111000000000000
11110000000011111111000000000000
00000000000011111111000000000000
00000000000011111111000000000000
11110000000011111111000000000000
11110000000011111111000000000000
00000000000011111111111100000000
00000000000011111111111100000000
00000000000011111111111100000000
00000000000011111111111100000000
00000000000011111111000000000000
00000000000011111111000000000000
11111111111111111111111111111111
11111111111111111111111111111111
11111111111111111111111111111111
11110000000000000000000000000000
00000000111100001111000000000000
00000000111100001111000000000000
00000000000000000000000000000000
