00000000000000000000000000000000
00000001111000000000000000000000
00000001111000000000000000000000
00000000000000000000000000000000
00000001111000000000000001111111
00000001111000000000000001111111
11111111111111111100000001110000
11111111111111111100000000000000
11111111111111111100000000000000
11111111111111111100000000000000
00000001111111111100000000000000
00000001111111111100000000000000
11111110000111111100011110001111
00000000000111111111100000001111
00000000000111111111100000001111
00000000000111111100000000000000
00000000000111111100000000000000
00000000000111111100000000000000
00000000000111111100000000000000
00000000000111111100000001111111
00000000000111111100000001110000
00000000000111111100000001110000
11110000000111111100000000000000
00000000000111111100000000000000
00000000000111111100000000000000
11111111111111111111111111110000
11111111111111111111111111110000
11111111111111111111111111110000
00000000000000000000000001110000
00000000000000000000011110000000
00000000000000000000011110000000
00001110000000111100000000000000
