00000000000000000000000000000000
00000000000000000000000000000000
00000000000000000000000000000000
11110000000000000000000001110000
11110000000000000000000000000000
11110000000000000000000000000000
00001111111111111111100000000000
00001111111111111111111110001111
00001111111111111111111110001111
00001111111111111111100000000000
00000000000000111111100001110000
00000000000000111111100001110000
00000000000000111111100000000000
00000000000000111111100001110000
00000000000000111111100001110000
00001110000000111111100001110000
00000000000000111111100000000000
00000000000000111111100000000000
00000000000000111111100000000000
00000000000000111111100000000000
00000000000000111111100000000000
00000000000000111111100000000000
00000000000000111111100000000000
00001111111000111111100000000000
00001111111000111111100000000000
00001111111111111111111111111111
00001111111111111111111111111111
00001111111111111111111111111111
00000000000000000000000000000000
00000000000000000000000000000000
00000000000000000000000000000000
00000000000000000000000000000000
