00000000000000000000000000000000
00000000000000000000001111000000
00000000000000000000001111000000
00000011110000000000001111000000
00011111110000000001110000000000
00011111110000000001110000000000
00011111111111111111110000000000
00011111111111111111110000000000
00011111111111111111110000000000
00000011111111111111110000000000
11100000000000001111110000000000
11100000000000001111110000000000
00000011110000001111110000000000
11100011110000001111110000111000
11100011110000001111110000111000
00000000000000001111110000000000
00000000000000001111110000000000
00000000000001111111110000000111
00000000000001111111110000000111
00000000001110001111110000000111
00000000000000001111110000000111
00000000000000001111110000000111
11100000001110001111110000000000
11100000000000001111110000000000
11100000000000001111110000000000
11100011111111111111111111111111
00000011111111111111111111111111
00000011111111111111111111111111
00000000000000000000000000000000
00000000000000000001110000000000
00000000000000000001110000000000
00000011110000000000000000000000
