00000000000000000000000000000000
00000000000000111111100001110000
00000000000000111111100001110000
00000000000000000000000000000000
00000000000000000000000000000000
00000000000000000000000000000000
00001111111111111111100000000000
00001111111111111111100000000000
00001111111111111111100000000000
11111111111111111111100000000000
00000000000111111111100000000000
00000000000111111111100000000000
00001110000000111111100000000000
00000000000000111111100000000000
00000000000000111111100000000000
00000000000000111111100000001111
00000000000000111111100000000000
11110000000000111111100000000000
11110000000000111111100000000000
11110000000000111111100001111111
00000000000000111111100000000000
00000000000000111111100000000000
00000000000111111111100000000000
00000000000000111111100000000000
00000000000000111111100000000000
00001111111111111111111111111111
00001111111111111111111111111111
00001111111111111111111111111111
00000000000000000000011110000000
00000000000000000000000000000000
00000000000000000000000000000000
00000000000000111100000000000000
