00000000000000000000000000000000
00000000001100000000000000000000
00000000001100000000000000000000
00000000000000000111000000000011
00000000000000000000110000000000
00000000000000000000110000000000
00000000000000000111111110000000
11000000000000011111111110000000
11000000000000011111111110000000
00111110000000011111111110000000
00000000000011111111111110000000
00000000000011111111111110000000
00000000000011111111111110011100
00111110001111111000111110011111
00111110001111111000111110011111
00000001111111100000111110000011
00111001111111111000111110011111
00111111111100000000111110000000
00111111111100000000111110000000
00000111111100000000111110000000
11000111111111111111111111111100
11000111111111111111111111111100
11000111111111111111111111111100
11000000000000000111111110000000
11000000000000000111111110000000
00000001110000000000111111111100
00111000000011100000111110000000
00111000000011100000111110000000
00000001110011100111000000000000
00000001110000000111000000000000
00000001110000000111000000000000
00000000000000011000001110000000
