00000000000000000000000000000000
00000000000000000000000000000000
00000000000000000000000000000000
00000000000000001110000011100000
00000000000000000000000000000000
00000000000000000000000000000000
11100000111000001111111100000000
00011000000001111111111100000000
00011000000001111111111100000000
00011000111001111111111100000000
11100000000111111111111100000000
11100000000111111111111100000000
00000000000111110001111100000000
00011000111111111111111100000000
00011000111111111111111100000000
00000111111110000001111100000000
00000111111110000001111100011000
00011111111000000001111100000111
00011111111000000001111100000111
11111111111000000001111111100000
11111111111111111111111111111000
11111111111111111111111111111000
00011111111111111111111111111000
00000000000001110001111100000111
00000000000001110001111100000111
00000000000110001111111100000111
00000000000000000001111100011000
00000000000000000001111100011000
00000000111000001110000000011111
00000000000001110000000000000000
00000000000001110000000000000000
00000000000000000000000000011000
