00000000000000000000000000000000
00000000000000000000111000000000
00000000000000000000111000000000
11100011111100000111000000000000
00000000000000000000000111000000
00000000000000000000000111000000
00000000011100011111111000000000
00000000000011111111111000000000
00000000000011111111111000000000
00000000000011111111111000111111
00011100011111111111111000000000
00011100011111111111111000000000
11100000011111100111111111111000
00000011111111100111111111000000
00000011111111100111111111000000
00011111111100000111111000000111
00011111111100000111111000000111
11111111100000000111111000000000
11111111100000000111111000000000
11111111100000000111111000111111
11111111111111111111111111111000
11111111111111111111111111111000
11111111111111111111111111111000
00000000000000000111111000000000
00000000000000000111111000000000
00000000000000000111111000111000
00000011111100000111111000000111
00000011111100000111111000000111
11100011100000000000000111000000
00011111100000000000000000000111
00011111100000000000000000000111
00000000000000000000000111000000
