00000000000000000000000000000000
00000000000000000000001111000000
00000000000000000000001111000000
00000000000000000000000000111000
00011100000000000000000000000000
00011100000000000000000000000000
00000000000001111111111111000000
00000000000001111111111111000000
00000000000001111111111111000000
00000011110001111111111111000000
00000000001111111111111111000000
00000000001111111111111111000000
00000000001111110001111111000000
00000011111111110001111111000000
00000011111111110001111111000000
00011111111110000001111111000000
00011111111110000001111111000000
11111111110000001111111111000000
11111111110000001111111111000000
11111111110000000001111111000000
11111111111111111111111111111111
11111111111111111111111111111111
11111111111111111111111111111111
00000000000001110001111111000111
00000000000001110001111111000111
00000000000000000001111111000000
00000011110000000001111111000000
00000011110000000001111111000000
00000000000000001110000000000000
00000000001110000000000000000000
00000000001110000000000000000000
00000000000001110000000000000000
