00000000000000000000000000000000
00000000000000000000111000000000
00000000000000000000111000000000
00000000000000000000000000000000
11100000000000011000000000000000
11100000000000011000000000000000
00000000000000011111111000000000
11100000000011111111111111111000
11100000000011111111111111111000
00000011100011111111111000111000
00000011111111111111111000000000
00000011111111111111111000000000
00000000011111100111111000000000
00000011111111100111111000000000
00000011111111100111111000000000
00011111111111100111111000000000
00011111111100000111111000000000
11111111100000000111111111000000
11111111100000000111111111000000
11111111100000000111111000000000
11111111111111111111111111111000
11111111111111111111111111111000
11111111111111111111111111111000
11111100000000000111111000000000
11111100000000000111111000000000
00000000000000000111111000000000
00000000011100000111111000000000
00000000011100000111111000000000
00000000011111100000000000000111
00000000000000000000000000000111
00000000000000000000000000000111
00000000000000000000111000000000
