00000000000000000000000000000000
00000000001100000000000000011100
00000000001100000000000000011100
00000000000000000000000000011100
00000001110000000000000000000000
00000001110000000000000000000000
00000000000000011111110000000000
00000000000011111111110000000000
00000000000011111111110000000000
00000000000011111111110000011111
00000000001111111111110000000000
00000000001111111111110000000000
11000000001111100111110001100000
11000111111111100111110000000000
11000111111111100111110000000000
00000111111100000111110000000011
00000111111111100111110000000000
00111111110000011111110000000011
00111111110000011111110000000011
00111111110000000111110000000000
00111111111111111111111111100011
00111111111111111111111111100011
00111111111111111111111111100011
00000000000011111111111110000011
00000000000011111111111110000011
00000001110000000111110000000000
00000000000000000111110000000000
00000000000000000111110000000000
00000110000000011000000000000011
11000000001100000000001110011100
11000000001100000000001110011100
00111000000000011000000000000000
