00000000000000000000000000000000
00000111000000000000000000000000
00000111000000000000000000000000
00000000000110000001100000000000
11100000111110001110000000000000
11100000111110001110000000000000
00000000111000001111111111111000
00000000000001111111111100000000
00000000000001111111111100000000
00000000000001111111111100011111
00000000111111111111111100000111
00000000111111111111111100000111
11100000000111110001111100011000
11100000111111110001111100000000
11100000111111110001111100000000
00011111111110000001111100000000
00000111111110000001111100000000
11111111111110001111111111100000
11111111111110001111111111100000
11111111111000000001111100000000
00011111111111111111111111111000
00011111111111111111111111111000
00011111111111111111111111111000
00000000000000000001111100000000
00000000000000000001111100000000
00000000000000000001111100000000
00011000000000000001111100000111
00011000000000000001111100000111
00000111000000000000000000000000
00000000000110000001100000000111
00000000000110000001100000000111
00011000000000000000000000011000
