00000000000000000000000000000000
00111110000000000111000000000000
00111110000000000111000000000000
00000110000000000000000000000000
00111001110000000000000000000000
00111001110000000000000000000000
11111000000000000000111111111100
00000110001100000111111111111100
00000110001100000111111111111100
00000000000000000111111111100000
11000000000011111111111111111100
11000000000011111111111111111100
11000111111100011111111111100011
00111000000011111111001111100000
00111000000011111111001111100000
11111000001111111000001111100000
00000000001111111000001111100000
00000001111111100111111111100000
00000001111111100111111111100000
00000001111111100000001111100011
11000001111111111111111111111111
11000001111111111111111111111111
11111001111111111111111111111111
11000000001111100000001111100000
11000000001111100000001111100000
00000000000000000000001111100000
00000000000011111000111111100000
00000000000011111000111111100000
00000000000000000111000000000000
00000110000000000000000000000000
00000110000000000000000000000000
00000000001100000000001110000000
