00000000000000000000000000000000
00000000000000000000000000000000
00000000000000000000000000000000
00000000000000000000000011100000
11100000000000000000000000000000
11100000000000000000000000000000
00000000000000001111111111100000
00000000000000001111111111100111
00000000000000001111111111100111
00000111000110001111111111100000
00011000000111111111111111100000
00011000000111111111111111100000
11111000000001111110011111111000
11100000000111111110011111111111
11100000000111111110011111111111
00011000111111110000011111100111
00000000111111110000011111100000
00000111111110001110011111100000
00000111111110001110011111100000
00000111111110000000011111100111
11100111111111111111111111111111
11100111111111111111111111111111
00011111111111111111111111111111
00000111000000000000011111100000
00000111000000000000011111100000
00000000000000000000011111100000
00000111000000000000011111100000
00000111000000000000011111100000
00000000000000000000000000000000
00011000000111110001100000000000
00011000000111110001100000000000
00000000111001110000000000000000
