00000000000000000000000000000000
00000000111000000000000000000000
00000000111000000000000000000000
11100000000000000000000000000000
00000000000000000000000000000000
00000000000000000000000000000000
00000000000001111111100000000000
00000000000111111111100011100000
00000000000111111111100011100000
00000000000111111111100000000000
00000000111111111111100011100000
00000000111111111111100011100000
00000000111110001111100000000000
00000111111111111111100000000000
00000111111111111111100000000000
00011111111110001111100000000000
00011111111000001111100000000111
11111111000000001111100000000111
11111111000000001111100000000111
11111111000000001111111100000000
11111111111111111111111111100000
11111111111111111111111111100000
11111111111111111111111111100000
11100111000000001111100000011000
11100111000000001111100000011000
00000000000110001111111100011000
00000000000000001111100011100000
00000000000000001111100011100000
11100000000000001110000000000000
00011000000110000000000000000000
00011000000110000000000000000000
00000000000000000001100000000000
