00000000000000000000000000000000
00000000000000000111000000000000
00000000000000000111000000000000
00000000000000000111000000000000
11100000011100000000000000000000
11100000011100000000000000000000
00000000000000000111111111000111
00000000000000011111111111000000
00000000000000011111111111000000
00000000000000011111111111000000
00000000000011111111111111000000
00000000000011111111111111000000
00000000000011111000111111000000
00000000011111111000111111000000
00000000011111111000111111000000
11100011111111100000111111000000
11100011111111100000111111000000
00011111111100000000111111000000
00011111111100000000111111000000
00011111111100000111111111000000
00011111111111111111111111111111
00011111111111111111111111111111
00011111111111111111111111111111
00000000000000000000111111000000
00000000000000000000111111000000
00000011100000000000111111000000
00000000011100000000111111000000
00000000011100000000111111000000
00000000000000000000000000000000
00000000000000000000000000000000
00000000000000000000000000000000
00000000011100000111000000111000
