00000000000000000000000000000000
00000011100000000111000000000000
00000011100000000111000000000000
00011100000000011000000000000000
11100011100000000000000000000000
11100011100000000000000000000000
11100000011111111111111111000000
00000011111111111111111111000000
00000011111111111111111111000000
00000011111111111000111111111000
00011111111111111000000000000000
00011111111111111000000000000000
00011111111111100111000000000111
00011111111100000000000000111111
00011111111100000000000000111111
00011111111111111111111111111000
00011111111111111111111111111000
00011111111111100111111111111000
00011111111111100111111111111000
11111111111100011111111111111000
00011111100000000000111111111000
00011111100000000000111111111000
00011111111100000000111111111000
00011111111111111111111111111000
00011111111111111111111111111000
00000011111111111111111111111000
00011100011111111111111111000000
00011100011111111111111111000000
00000000011100000000000000000000
00011100000000000000000000000000
00011100000000000000000000000000
00000000000000000000000000000000
