00000000000000000000000000000000
00000000000000000000000000000000
00000000000000000000000000000000
00000000001110000000000000111000
11100000000000000000000000000000
11100000000000000000000000000000
11100000001111111111111111111000
00000011111111111111111111111000
00000011111111111111111111111000
00011111111111111111111111111000
00011111111111110001110000000000
00011111111111110001110000000000
00011111111111110000000000000000
00011111111111110000001111000000
00011111111111110000001111000000
00011111111111111111111111111000
00011111111111111111111111111111
00011111111111110001111111111111
00011111111111110001111111111111
00011111111110000000001111111111
00011111110000000000000000111111
00011111110000000000000000111111
00011111111110001111111111111111
00011111111111110001111111111111
00011111111111110001111111111111
00000011111111111111111111111111
11100000001111111111111111111000
11100000001111111111111111111000
00000000000000000000000000000000
00000000000000000000001111000000
00000000000000000000001111000000
00000000000000000000000000000000
