00000000000000000000000000000000
00000000011111100000000000000000
00000000011111100000000000000000
00000000000000000000000000000111
11100000011100000000000000000111
11100000011100000000000000000111
00000000000011111111111111111000
00011100011111111111111111111000
00011100011111111111111111111000
00000000011111111111000111111111
11100011111111111000000111000111
11100011111111111000000111000111
00000011111111100000000000000000
00000011111111100000000000000000
00000011111111100000000000000000
00000011111111111111111111111000
00000011111111111111111111111111
00000011111111111000111111111111
00000011111111111000111111111111
00000011111111100000000111111111
11100011111100000000000000111111
11100011111100000000000000111111
11111111111111100000000111111111
00000011111111111000111111111111
00000011111111111000111111111111
00000000011111111111111111111111
00011100000011111111111111111000
00011100000011111111111111111000
00000000000000000000000000000000
00011100000000000000000000000000
00011100000000000000000000000000
00011100000000000000000000000000
