00000000000000000000000000000000
00000000000000000000000000010000
00000000000000000000000000010000
00000100000000000100000000010000
00000000000000100000000011000001
00000000000000100000000011000001
00000111000011111100000101111110
00111111000011111111000011111110
00111111000011111111000011111110
01001111000011111111000011111110
00011111000011100111010111100000
00011111000011100111010111100000
00011111000011000011010111000000
00111111000011100111001111001001
00111111000011100111001111001001
01110011100011111111100111111111
01110011000011111111110111111111
11100111000001111111011111101111
11100111000001111111011111101111
11101111000000000111001111000111
11111111110000100111000111000111
11111111110000100111000111000111
11111111111000001111000111000111
00000011001001101110000111101111
00000011001001101110000111101111
10000011000011111110000011111111
00000011000001111100000001111110
00000011000001111100000001111110
00000000100100000000000101000100
10001000000100000000010000000000
10001000000100000000010000000000
00000000000001000001000001000000
