00000000000000000000000000000000
00000000000000000000000000000000
00000000000000000000000000000000
11100011100000011000000000111000
00000000000000000000000000000111
00000000000000000000000000000111
00011100011111111111111111111000
11100011111111111111111111000000
11100011111111111111111111000000
11100011111111111000111111000000
00011111111111100000000111000000
00011111111111100000000111000000
00011111111111100000000111000000
00011111111111100000000000000000
00011111111111100000000000000000
11111111111111111111111111000000
00011111111111111111111111111000
00011111111111100111111111111000
00011111111111100111111111111000
00011111111100000000111111111000
00011111100000000000000111111000
00011111100000000000000111111000
00011111111100000000111111111000
00011111111111100111111111111000
00011111111111100111111111111000
00000011111111111111111111111111
00000000011111111111111111000111
00000000011111111111111111000111
00000000000000000000000111000000
00000000000000000000000000000000
00000000000000000000000000000000
00000000011111100000000000000111
