00000000000000000000000000000000
00000000000000000000100000000000
00000000000000000000100000000000
00100000000000011000000000000000
00000000000000000000000100000000
00000000000000000000000100000000
00011000111100000000111111111100
00000011111100000000111111111100
00000011111100000000111111111100
00000011111100011100111100000111
00000111111100000100111000000000
00000111111100000100111000000000
00000111011111000100111000000000
11011111011100000100111111111100
11011111011100000100111111111100
11111111011100000000111111111100
00111100011100100000111011111111
11111000011100100000000000011111
11111000011100100000000000011111
11111111011100000000011000011111
11111111111111100011000000011111
11111111111111100011000000011111
11111111111111100000011100011111
00000000011100000011111011111111
00000000011100000011111011111111
11000000011100000011111111111111
00000000011100000111111111111000
00000000011100000111111111111000
00000000000000011000000000011000
00000011000000011000011000000000
00000011000000011000011000000000
00011000000000000000000000100100
