00000000000000000000000000000000
00011100000000000111000000000000
00011100000000000111000000000000
00011100000000000000000000000000
00000000000011100000000000000000
00000000000011100000000000000000
00000000011111111111111111111000
00000000011111111111111111111000
00000000011111111111111111111000
00000000011111111111000111111000
00000011111111111000111000111000
00000011111111111000111000111000
00000011111111111000000000111000
11111111111111100000111000111000
11111111111111100000111000111000
00000011111111111111111111111000
00000011111111111111111111111111
00000011111111111000111111111111
00000011111111111000111111111111
11111111111111100000000111111111
11100011111100000111000000111111
11100011111100000111000000111111
00000011111111100000000111111111
11100011111111111000111111111111
11100011111111111000111111111111
00000000011111111111111111111111
00011111100011111111111111111000
00011111100011111111111111111000
00000000000000000000000000000000
00000000000000000000000111000000
00000000000000000000000111000000
00011100000000000000000000000000
