00000000000000000000000000000000
00010010001000011110000000000000
00010010001000011110000000000000
00011110000110000110000000000110
00010001001000000000000000000000
00010001001000000000000000000000
10000000001111000000011111111110
10000000111111100001111111111110
10000000111111100001111111111110
00000010111111000001111110111111
00000001111111111001111100001111
00000001111111111001111100001111
00000001110111000001110000000111
10001111110111000001111100001111
10001111110111000001111100001111
10001111000111000001111110111111
00001111000111000001111111111111
00011110110111000010011111111111
00011110110111000010011111111111
00011110110111000000000001111111
00011111111111111010000000001111
00011111111111111010000000001111
10011111111111111000000000111111
00000000000111000000011101111110
00000000000111000000011101111110
00000000001111000001111111111110
10000010000111000000011111111000
10000010000111000000011111111000
01100011000000000000000001000000
11101110000000000000001100000110
11101110000000000000001100000110
00010000000000100000000000000000
