00000000000000000000000000000000
00000000000001111111110000111000
00000000000001111111110000111000
11100011110000000000000000000000
11100011110000000000000000000000
11100011110000000000000000000000
00000011111111111111111111000111
00011111111111111111111111111000
00011111111111111111111111111000
00011111111111110001111111111111
00011111111110000001111111111111
00011111111110000001111111111111
11111111111110000000001111111111
00011111111111110001111111111111
00011111111111110001111111111111
00011111111111110001111111111111
00011111111111111111111111111111
00000011111111111111111111111111
00000011111111111111111111111111
11100000000001111110001111111111
00000011110000001110001111111111
00000011110000001110001111111111
00000000001110000001111111111111
00000011111110001111111111111000
00000011111110001111111111111000
00000011111111111111111111111000
00000011111111111111111111111111
00000011111111111111111111111111
00011111111110000001110000000000
00000000000000000000000000000000
00000000000000000000000000000000
11100000000000000000000000000000
