00000000000000000000000000000000
00000000011100000000111000000000
00000000011100000000111000000000
00000000000000000000000111000000
00000000000000000000000000000000
00000000000000000000000000000000
00011111111111111111000000000000
11111111111111111111111000000000
11111111111111111111111000000000
11111111111100011111111111000111
11111111111100011111111111000111
11111111111100011111111111000111
11111100000000000000111111000000
11111111100011100111111111000000
11111111100011100111111111000000
11111111111100011111111111000000
11111111111111111111111111000000
00011111111111111111111111000000
00011111111111111111111111000000
00000000000000000111111111000000
00000000000000000111111111000111
00000000000000000111111111000111
00000000000000011111111111000000
00011111100011111111111000000111
00011111100011111111111000000111
11111111111111111111111111000000
00011111111111111111000000000000
00011111111111111111000000000000
00000000000000000111000000111000
00000000000011100000000000111000
00000000000011100000000000111000
11100000000000000000000000000000
