00000000000000000000000000000000
11100000000000000000000000000000
11100000000000000000000000000000
00000000000001110001110000000000
00000000000000000000000000000111
00000000000000000000000000000111
00000011111111111111111111000000
00011111111111111111111111111000
00011111111111111111111111111000
00011111111111110001111111111111
00011111111110000001111111111111
00011111111110000001111111111111
00011111111110000001110000111111
00011111111110000000001111111111
00011111111110000000001111111111
11111111111111110001111111111111
11111111111111111111111111111111
00000011111111111111111111111111
00000011111111111111111111111111
00000011110000000000001111111111
00000011110000000000001111111111
00000011110000000000001111111111
00000000000000000001111111111111
00000011111111111111111111111000
00000011111111111111111111111000
00000011111111111111111111111000
00000011111111111111111111000000
00000011111111111111111111000000
00011100000000000000000000000111
00000000000000000000000000000000
00000000000000000000000000000000
00000000000000000000000000000000
