00000000000000000000000000000000
10000000000010000000000000010001
10000000000010000000000000010001
00001000011000000110000000000001
00010000000000000000000000000000
00010000000000000000000000000000
01111111111000000000000111101000
11111111111110010000111111100000
11111111111110010000111111100000
11111001111100000000011111100110
11110110111101111000111111110001
11110110111101111000111111110001
11110000111100010000111011100111
11111111111100000001111011100110
11111111111100000001111011100110
01111111111000000111111011100110
01111111111001100111100011100000
11111001111111101111000011100000
11111001111111101111000011100000
11110000111110001111000011100000
11100000011110001111111111111000
11100000011110001111111111111000
11110000111110001111111111111000
11111001111100001000100011100110
11111001111100001000100011100110
11111111111100001000000011100000
01111111111001100000011011100000
01111111111001100000011011100000
00000000000000000000000001100110
10000000100010000000000001101000
10000000100010000000000001101000
00010111000000000000000000001001
