00000000000000000000000000000000
00000000000000000000000000111000
00000000000000000000000000111000
00000000011100000000000000000000
00000000000000000000111000000000
00000000000000000000111000000000
00000011111111111111111000000000
00011111111111111111111111000000
00011111111111111111111111000000
00011111111111100111111111111000
00011111111100000000111111111000
00011111111100000000111111111000
11111111100000000000000111111000
00011111111100011000111111111000
00011111111100011000111111111000
00011111111111100111111111111000
00011111111111111111111111111000
00000011111111111111111111111000
00000011111111111111111111111000
00000000011100000000111111111000
00000000000000000000111111111000
00000000000000000000111111111000
11100000000000000111111111111000
11100011111100011111111111111000
11100011111100011111111111111000
00000011111111111111111111000111
00000011111111111111111000000111
00000011111111111111111000000111
00000011100011100000000000000000
00000000000000000000000000000000
00000000000000000000000000000000
00000000000011100000000000000111
