00000000000000000000000000000000
00000000000000000000000000000000
00000000000000000000000000000000
00000000000000000000000001111111
00000000000000000000000000000000
00000000000000000000000000000000
00001111111111111111111110001111
11111111111111111111111111111111
11111111111111111111111111111111
11111111111111000011111111111111
11111111111000000000011111111111
11111111111000000000011111111111
11111110000000111100000001111111
11111111111000000011111111111111
11111111111000000011111111111111
11111111111111000011111111111111
11111111111111111111111111111111
00001111111111111111111111111111
00001111111111111111111111111111
00000001111000000011111111111111
00000000000000000000011111111111
00000000000000000000011111111111
00000001111000000011111111111111
00001111111000111111111111110000
00001111111000111111111111110000
00001111111111111111111111110000
00001111111111111111111111110000
00001111111111111111111111110000
00000000000000000000000000001111
00000000000000000000000000000000
00000000000000000000000000000000
11110000000000000000011110000000
