00000000000000000000000000000000
00000000000000000111000111000000
00000000000000000111000111000000
00000000000000000000111111000000
00000000011100000000000000000000
00000000011100000000000000000000
00000011111111111111111000000000
00011111111111111111111111000000
00011111111111111111111111000000
00011111111111100111111111111000
00011111111100000000111111111000
00011111111100000000111111111000
00011111100000000111000111111000
11111111111111100000111111111000
11111111111111100000111111111000
11111111111111100111111111111000
11111111111111111111111111111000
00011111111111111111111111111000
00011111111111111111111111111000
11100000000000000000111111111000
00011100000000011000111111111111
00011100000000011000111111111111
00000000000011100111111111111111
00011111111100011111111111000000
00011111111100011111111111000000
11100011111111111111111111000000
00000011111111111111111111000000
00000011111111111111111111000000
00000000000000000000111000000000
00000000000000000000111111000000
00000000000000000000111111000000
00000000000000000000000000000000
