00000000000000000000000000000000
00000000000000000000000000000000
00000000000000000000000000000000
00000000000000001110011111100000
00000000000000000000000011100000
00000000000000000000000011100000
00000111111111111111100000000000
00011111111111111111111100000000
00011111111111111111111100000000
00011111111110001111111111111000
00011111111000000001111111100000
00011111111000000001111111100000
00011111000000000000011111100000
00011111111000000001111111111000
00011111111000000001111111111000
11111111111110001111111111100000
11111111111111111111111111111000
00000111111111111111111111111111
00000111111111111111111111111111
00000000000001110001111111111111
00000000000000001111111111100000
00000000000000001111111111100000
00000000000000001111111111111000
11100111111001111111111111100111
11100111111001111111111111100111
00000111111111111111111100000000
00000111111111111111100000000000
00000111111111111111100000000000
00011000000000000000000000000000
00011000000000000000000000011111
00011000000000000000000000011111
11100000000110000000000000000000
