00000000000000000000000000000000
00000000000000000000000000001111
00000000000000000000000000001111
00000000000000111111100000000000
00000000000000000000000001110000
00000000000000000000000001110000
00001111111111111111111111110000
11111111111111111111111111111111
11111111111111111111111111111111
11111111111111000011111111111111
11111111111111000000011111111111
11111111111111000000011111111111
11111111111000000000011111111111
11111111111111000011111111111111
11111111111111000011111111111111
00001111111111111111111111110000
00001111111111111111111111110000
11111111111111000011111111111111
11111111111111000011111111111111
11111111111000000000011111111111
11111110000111000000011111111111
11111110000111000000011111111111
11111111111000000000011111111111
11111111111111000011111111111111
11111111111111000011111111111111
11111111111111111111111111111111
00001111111111111111111111110000
00001111111111111111111111110000
11110000000000000011100000000000
00000000000000000000011110000000
00000000000000000000011110000000
00000001111000000011100000000000
