00000000000000000000000000000000
00000000001110000000000000000000
00000000001110000000000000000000
00000000000000000000000000000000
00000000000000000000000000000000
00000000000000000000000000000000
00011111111111111111111111000000
11111111111111111111111111111000
11111111111111111111111111111000
11111111111110001111111111111000
11111111110001110001111111111111
11111111110001110001111111111111
11111111110000000001111111111111
11111111111110001111111111111000
11111111111110001111111111111000
00011111111111111111111111000000
00011111111111111111111111000000
11111111111110001111111111111000
11111111111110001111111111111000
11111111110000000001111111111000
11111100000000000000001111111111
11111100000000000000001111111111
11111111110000000001111111111000
11111111111110001111111111111111
11111111111110001111111111111111
11111111111111111111111111111000
11111111111111111111111111000000
11111111111111111111111111000000
00011100000000000000000000000111
00000011110000000000000000000000
00000011110000000000000000000000
00000000000001111110000000000000
