00000000000000000000000000000000
00000000000000000000000000000000
00000000000000000000000000000000
00000000000000000000000000000000
00000000000000000000000000000000
00000000000000000000000000000000
00000000001111111111111111000000
00000011111111111111111111111111
00000011111111111111111111111111
00011111111111110001111111111111
00011111111110000000001111111111
00011111111110000000001111111111
00011111111111110000001111111111
00011111111110000000001111111111
00011111111110000000001111111111
11111111110000001111110000111111
11111111110001111111110000111111
00011111110000000001110000111111
00011111110000000001110000111111
11111111111110000000001111111111
00011111111110000000001111111111
00011111111110000000001111111111
00011111111110000000001111111111
00011111111111111111111111111111
00011111111111111111111111111111
00000011111111111111111111111000
00000000001111111111111111111000
00000000001111111111111111111000
11100000000000000000000000000000
00000000000000000000000000000000
00000000000000000000000000000000
00000000000000000000000000000000
