00000000000000000000000000000000
00000000100000000000000011000100
00000000100000000000000011000100
00000000000000000100000011000100
00000000100000000100000100000000
00000000100000000100000100000000
00000000111100000011111111111111
00000011111100100111111111111111
00000011111100100111111111111111
00000011111100011000000000011111
00000111111100000000100000011111
00000111111100000000100000011111
00111111011100000000100000111100
00011111011100000000000000111100
00011111011100000000000000111100
00111100011100000011000011111100
00111100011100000000000011111000
11111000011100100000000011111100
11111000011100100000000011111100
11111000011100011011000111100000
11111111111111111011000111100011
11111111111111111011000111100011
11111111111111100000000111100000
00000000011100000000111111000000
00000000011100000000111111000000
00100011011100100000011111000100
11000100011100000000011111000000
11000100011100000000011111000000
00000000000000011000000100000000
00000000000000000000011000000011
00000000000000000000011000000011
00000000000000000000000000000011
