00000000000000000000000000000000
00001110000000000000000000000000
00001110000000000000000000000000
00000000000000000000011110000000
00000000000000000000000000000000
00000000000000000000000000000000
00001111111111111111111111110000
11111111111111111111111111111111
11111111111111111111111111111111
11111111111111000011111111111111
11111111111000111100011111111111
11111111111000111100011111111111
11111111111000000000011111111111
11111111111111000011111111111111
11111111111111000011111111111111
00001111111111111111111111110000
00001111111111111111111111110000
11111111111111000011111111111111
11111111111111000011111111111111
11111111111000000000011111111111
11111110000000000011100001111111
11111110000000000011100001111111
11111111111000000000011111111111
11111111111111000011111111111111
11111111111111000011111111111111
11111111111111111111111111111111
00001111111111111111111111110000
00001111111111111111111111110000
00001110000000000000000000000000
00000000000000000000000000000000
00000000000000000000000000000000
00000000000000000000000000000000
