00000000000000000000000000000000
11100000000000000000110000000000
11100000000000000000110000000000
00010001100000000110000000000000
00000000000000010110110000110110
00000000000000010110110000110110
00011111111110010110001111111110
01111111111111101111111111111110
01111111111111101111111111111110
01111110011111100000111111001110
01111100001111100001111110000000
01111100001111100001111110000000
01111100001111110001111000000000
01111110011111100001111000000000
01111110011111100001111000000000
00011111111110000001111111111110
00011111111110000001111111111111
11111110011111100001111110111111
11111110011111100001111110111111
01111100001111100001111000001111
01110001100011100001110001001111
01110001100011100001110001001111
11111101101111100111111000111111
01111110011111100001111110111111
01111110011111100001111110111111
01111111111111100000111111111111
10011111111111101000111111111111
10011111111111101000111111111111
10000000000010001000000000000000
00000010000000000000000000110110
00000010000000000000000000110110
00000001100000000001110000000000
