00000000000000000000000000000000
00000000000000000000000000000000
00000000000000000000000000000000
00000000000000111100000000001111
00000000000000000000000000000000
00000000000000000000000000000000
11111111111111111111111111110000
11111111111111111111111111111111
11111111111111111111111111111111
11111111111111111111111111111111
11111111111000000011111111111111
11111111111000000011111111111111
11111111111000000000011111111111
11111111111111000011111111111111
11111111111111000011111111111111
00001111111111111111111111110000
00001111111111111111111111110000
11111111111111000011111111111111
11111111111111000011111111111111
11111111111111000000011111111111
11111111111000000000000001111111
11111111111000000000000001111111
11111111111000000000011111111111
11111111111111000011111111111111
11111111111111000011111111111111
11111111111111111111111111111111
00001111111111111111111111110000
00001111111111111111111111110000
11111110000000111100000000000000
00000000000000000000000000000000
00000000000000000000000000000000
00000000000000000000000000000000
