00000000000000000000000000000000
11100000000001110000000000000000
11100000000001110000000000000000
00000000000000000000000000000000
00000000000000000000000000111000
00000000000000000000000000111000
00000011111111111111111111111000
00011111111111111111111111111111
00011111111111111111111111111111
00011111111111110001111111111111
00011111111110000000001111111111
00011111111110000000001111111111
00011111111110000000001111111111
00011111111111111111111111111111
00011111111111111111111111111111
11100011111111111111111111111000
11111111111111111111111111111111
00011111111111110001111111111111
00011111111111110001111111111111
00011111111110001110001111111111
00011111110000000000000000111111
00011111110000000000000000111111
00011111111110000000001111111111
00011111111111110001111111111111
00011111111111110001111111111111
00011111111111111111111111111111
00011111111111111111111111111000
00011111111111111111111111111000
00000011110000000000000000000000
00000011110001110000000000000000
00000011110001110000000000000000
00000011110000000000000000000000
