00000000000000000000000000000000
00000000000000000000000000000000
00000000000000000000000000000000
11100000000000000001111100000000
11100111000000001110000000000000
11100111000000001110000000000000
00011111111111111111100000011000
00000111111111111111111100000000
00000111111111111111111100000000
11111111111111111111111111111000
00011111111000000001111111100111
00011111111000000001111111100111
11111111111000000001111111100111
00011111111000000001111111111111
00011111111000000001111111111111
00011111000001111110011111100000
00011111000001111110011111100000
00011111000110000000011111100000
00011111000110000000011111100000
00011111111000000001111111100000
00011111111000001111111111100000
00011111111000001111111111100000
00011111111000000001111111111000
00011111111110001111111111111000
00011111111110001111111111111000
00000111111111111111111100000000
00000000111111111111100000000000
00000000111111111111100000000000
00000000000000000000000000000000
00000000111000000001100000000000
00000000111000000001100000000000
11100000000000000000000011111000
