00000000000000000000000000000000
00011100000000000000000000000000
00011100000000000000000000000000
11100000000000000000000000111000
00000011100000000000000000111000
00000011100000000000000000111000
11111100011111111111111111111000
00011111111111111111111111111111
00011111111111111111111111111111
11100011111111111111111111111111
00000011111111100000000111111111
00000011111111100000000111111111
00000011111111100000000111111111
11100011111111111111111111111111
11100011111111111111111111111111
11100000011111111111111111111000
00000000011111111111111111111000
00000011111111111000111111111111
00000011111111111000111111111111
11100011111111100000000111111111
00000011111111100000000000111111
00000011111111100000000000111111
00011111111111100000111111111111
00000011111111111111111111111111
00000011111111111111111111111111
00000011111111111111111111111111
00011100011111111111111111111000
00011100011111111111111111111000
11111100000000000000000000000000
00000000000000000000000000000000
00000000000000000000000000000000
00000000000011100111000000000000
