00000000000000000000000000000000
00000000000000000000000000000000
00000000000000000000000000000000
00000000000000000000000000111000
00000000000000000000000000000000
00000000000000000000000000000000
00000011111111111111110000000000
00011111111111111111111111111000
00011111111111111111111111111000
11111111111110001111111111111000
11111111110000001111111111111000
11111111110000001111111111111000
11111111110001110001111111111000
11111111110000000001111111111000
11111111110000000001111111111000
11111100000001111111111111111111
11111111110001111110001111111000
11111100000000000001111111111000
11111100000000000001111111111000
11111111110000000001111111111000
11111111110001110001111111111111
11111111110001110001111111111111
11111111111110001111111111111000
11111111111110001111111111111111
11111111111110001111111111111111
00011111111111111111111111000111
00000011111111111111110000111000
00000011111111111111110000111000
00000000000001110000000000000000
11100000000001110000001111000000
11100000000001110000001111000000
11100000000000000000000000000000
