00000000000000000000000000000000
00000000000000000000000000000000
00000000000000000000000000000000
11100011100000000111111000000111
00000000000000000000000000000000
00000000000000000000000000000000
00000011111111111111000000000000
11111111111111111111111000111111
11111111111111111111111000111111
11111111111100011111111111000000
11111111100000000111111111000000
11111111100000000111111111000000
11111111100000000111111111000000
11111111100000000111111111000000
11111111100000000111111111000000
11111100000011111000111111000000
11111100000011111000111111000000
11111100000000000111111111000111
11111100000000000111111111000111
11111111100000000111111111000111
11111111100000000111111111111000
11111111100000000111111111111000
11111111100000000111111111000000
11111111111100011111111111000111
11111111111100011111111111000111
11111111111111111111111000000000
00000011111111111111111000111111
00000011111111111111111000111111
00000011100000000111000000111000
00000011100000000000000000000000
00000011100000000000000000000000
00000011100000000000000000000000
