00000000000000000000000000000000
00000000111000001110000011111000
00000000111000001110000011111000
11100000000000000000000000000000
00000000111000000000000000000000
00000000111000000000000000000000
00011111111111111111111100000000
00011111111111111111111111100000
00011111111111111111111111100000
00011111111110001111111111100000
00011111111000000001111111100000
00011111111000000001111111100000
11111111111000000001111111100000
00011111111110001111111111100111
00011111111110001111111111100111
00000111111111111111111100000000
00000111111111111111111100000000
00011111111110001111111111100000
00011111111110001111111111100000
00011111111110000001111111100000
11111111000000000000011111100000
11111111000000000000011111100000
11111111111000000001111111111111
11111111111110001111111111100111
11111111111110001111111111100111
00011111111111111111111111111000
00000111111111111111111100011000
00000111111111111111111100011000
00000000000111110000000011111000
00011000000110000000000000000000
00011000000110000000000000000000
00000000000000000000000000000000
