00000000000000000000000000000000
00000000000000000001100000011000
00000000000000000001100000011000
00000000000110000000000000000111
00000000000110000000000000000000
00000000000110000000000000000000
00011000000111111111111111111000
00011000111111111111111111111111
00011000111111111111111111111111
11100000111111111110011111111111
11100111111111110000000011111111
11100111111111110000000011111111
00000111111111110000000011111111
00000000111111111110011111111111
00000000111111111110011111111111
00011000000111111111111111111000
11111000000111111111111111111111
00000000111111111111111111111111
00000000111111111111111111111111
00000000111111110000000011111111
00000000111110001110000000011111
00000000111110001110000000011111
00000000111111110000000011111111
00000000111111111111111111111111
00000000111111111111111111111111
00000000111111111111111111111111
00000000000111111111111111111000
00000000000111111111111111111000
11100000000000000000000000000000
00000000000000000000000000011000
00000000000000000000000000011000
00000000000000000001100000000000
