00000000000000000000000000000000
00000001111000000011100000000000
00000001111000000011100000000000
00000000000000000011100001111111
00000001111000000000000000000000
00000001111000000000000000000000
00001111111111111111111111110000
11111111111111111111111111111111
11111111111111111111111111111111
11111111111111000011111111111111
11111111111000000000011111111111
11111111111000000000011111111111
11111111111000000000011111111111
11111111111111000011111111111111
11111111111111000011111111111111
00001111111111111111111111110000
00001111111111111111111111110000
11111111111111000011111111111111
11111111111111000011111111111111
11111111111000111100011111111111
11111110000000000000000001111111
11111110000000000000000001111111
11111111111000000000011111111111
11111111111111000011111111111111
11111111111111000011111111111111
11111111111111111111111111111111
00001111111111111111111111110000
00001111111111111111111111110000
00000000000111000000011111110000
00001111111000000000011110000000
00001111111000000000011110000000
00000000000000000000011110000000
