00000000000000000000000000000000
00000011100000011000000000000000
00000011100000011000000000000000
00000000000000011000000000000000
11100000000000000111000000000000
11100000000000000111000000000000
00000000011111111111111000000000
00000011111111111111111111000111
00000011111111111111111111000111
00011111111111100111111111111000
11111111111100000000111111111000
11111111111100000000111111111000
11111111111100000000111111111111
00011111111100000000111111111000
00011111111100000000111111111000
00011111100000011111000111111000
11111111100000011111000111111000
00011111111111100111000111111000
00011111111111100111000111111000
00011111111111100000111111111000
00011111111100000000111111111000
00011111111100000000111111111000
00011111111100000000111111111111
00011111111111100111111111111111
00011111111111100111111111111111
00000011111111111111111111111000
00000000011111111111111000000000
00000000011111111111111000000000
11100000000000000111000000000000
00000000000000000000000000000000
00000000000000000000000000000000
00000000000000000000000000000000
