00000000000000000000000000000000
00011100000000000000000111000111
00011100000000000000000111000111
00000011100000000000000111000000
00000000000011100000000000000000
00000000000011100000000000000000
00000011111111111111111000000000
00011111111111111111111111000000
00011111111111111111111111000000
11111111111100011111111111000000
11111111100000000111111111111111
11111111100000000111111111111111
11111111111100011111111111000111
11111111111111111111111111000000
11111111111111111111111111000000
11111100011111111000111111000000
11111100011111111000111111000000
11111111111100000000111111000111
11111111111100000000111111000111
11111111100000000111111111000000
11111111100000000111111111000000
11111111100000000111111111000000
11111111100000000111111111000000
11111111111100011111111111000111
11111111111100011111111111000111
00011111111111111111111000000000
00000011111111111111000111111000
00000011111111111111000111111000
00000000000000000000000000111000
00000000000000000000000111000000
00000000000000000000000111000000
00000000011100000000000000000000
