00000000000000000000000000000000
00000000000000000000000000000000
00000000000000000000000000000000
00000000000000000000000000000000
00000000000000000000000000111111
00000000000000000000000000111111
00000011111111111111000000000000
00011111111111111111111000111000
00011111111111111111111000111000
11111111111100011111111111000000
11111111100000011111111111000000
11111111100000011111111111000000
11111111100011100111111111000111
11111111100000000111111111000000
11111111100000000111111111000000
11111100000011111000111111000000
11111100000011111000111111000000
11111100000011100000111111000111
11111100000011100000111111000111
11111111100000011111111111000000
11111111100000011111111111000000
11111111100000011111111111000000
11111111100000000111111111000000
11111111111100011111111111000000
11111111111100011111111111000000
00011111111111111111111000000000
00000011111111111111000111111111
00000011111111111111000111111111
00000000000000000000000000000111
11100000000000000000000111111000
11100000000000000000000111111000
00000000000000000000000000111000
