00000000000000000000000000000000
00000000000000000000001111000000
00000000000000000000001111000000
00000000000000000000000000000000
00000000000001110000000000000000
00000000000001110000000000000000
00000011111111111111111111111000
00000011111111111111111111111000
00000011111111111111111111111000
11100011111110000001110000000000
11100011111110000000000000000000
11100011111110000000000000000000
00000011111110000000000000000000
00000011111111111111111111111000
00000011111111111111111111111000
00000011111111111111111111111111
00000011111110001111111111111111
00000000000001110000001111111111
00000000000001110000001111111111
00000000000000000000001111111111
00000000001110000000001111111111
00000000001110000000001111111111
00000000000000000000001111111111
00011111111110001111111111111111
00011111111110001111111111111111
00011111111111111111111111111000
00011111111111111111111111000000
00011111111111111111111111000000
00000000000000000000000000000000
00000000000000000000000000000000
00000000000000000000000000000000
00000000000000000000000000111111
