00000000000000000000000000000000
00000000000000000000000000000000
00000000000000000000000000000000
00000000000000000000000000000000
00011100000000000000000000000000
00011100000000000000000000000000
00000011111111111111111111111000
11100011111111111111111111111111
11100011111111111111111111111111
11100011111110001110000000000000
00000011111110000000000000000000
00000011111110000000000000000000
00000011111111110000000000000000
00000011111111111111111111111000
00000011111111111111111111111000
00000011111111111111111111111000
00000011111110001111111111111111
00000000000001110001111111111111
00000000000001110001111111111111
00011100000001110000001111111111
00000000000000000000001111111111
00000000000000000000001111111111
00000000000000000000001111111111
00011111111110001111111111111111
00011111111110001111111111111111
00011111111111111111111111111000
00011111111111111111111111000000
00011111111111111111111111000000
00000000001110000000001111000000
00011100001111110000001111000000
00011100001111110000001111000000
00000000000000000000000000000000
