00000000000000000000000000000000
00000000011100011000000000000111
00000000011100011000000000000111
00000011100011100111000000111000
00000000000000000000000000111000
00000000000000000000000000111000
00011111111111111111111111000000
00011111111111111111111000000111
00011111111111111111111000000111
00011111100000000000000000111000
00011111100011100000000000000000
00011111100011100000000000000000
00011111100000000000000000000000
00011111111111111111111000000000
00011111111111111111111000000000
00011111111111111111111000000000
00011111100011111111111111000000
11100000000000000111111111000000
11100000000000000111111111000000
11100011100000000111111111000000
00000000000000000111111111000000
00000000000000000111111111000000
11100000000011100111111111111111
11111111111111111111111111000111
11111111111111111111111111000111
11111111111111111111111000000000
11111111111111111111111000111000
11111111111111111111111000111000
00000000000011100000000000000000
00011100000000011000000111000000
00011100000000011000000111000000
00000000000011111000000000000000
