00000000000000000000000000000000
00000000000011100000000111000000
00000000000011100000000111000000
00000011100011111000000000000000
00000000000000000000000000000111
00000000000000000000000000000111
00000011111111111111111111111000
00000011111111111111111111000000
00000011111111111111111111000000
00000011111100000000000000111111
11100011111100011000000000000000
11100011111100011000000000000000
00000011111111100000111000111000
11100011111111111111111111000000
11100011111111111111111111000000
00011111111111111111111111111000
00000011111100011111111111111000
00000000000011100000111111111000
00000000000011100000111111111000
11100000000000000000111111111000
00011100011111100000111111111000
00011100011111100000111111111000
00000000000000000000111111111000
00011111111100011111111111111000
00011111111100011111111111111000
00011111111111111111111111000000
11111111111111111111111000000111
11111111111111111111111000000111
11100000000000000000000000111000
00000000011100011000000111000111
00000000011100011000000111000111
00000000000000000000000000111111
