00000000000000000000000000000000
00000000000000000000000000000000
00000000000000000000000000000000
00000000000000000000000000000000
00000000000000000000000001110000
00000000000000000000000001110000
00001111111111111111111111110000
00001111111111111111111111111111
00001111111111111111111111111111
00001111111000000000000000000000
00001111111000000000000000000000
00001111111000000000000000000000
11111111111000000000000000000000
00001111111111111111111111110000
00001111111111111111111111110000
00001111111111111111111111110000
00001111111111111111111111111111
00000000000000000000011111111111
00000000000000000000011111111111
00000000000000000000011111111111
00000000000000111100011111111111
00000000000000111100011111111111
00000000000111000000011111111111
11111111111000111111111111111111
11111111111000111111111111111111
11111111111111111111111111110000
11111111111111111111111110000000
11111111111111111111111110000000
00000000000000111100000000000000
00000000000000000000000000000000
00000000000000000000000000000000
00000000000000000000000000000000
