00000000000000000000000000000000
00000000000000000000000000000000
00000000000000000000000000000000
01100000000000000000000110000000
00001100000001100000000000000000
00001100000001100000000000000000
01111111111100000001111111111000
01111111111100000111111111111001
01111111111100000111111111111001
01110000000000000111110000000001
01110010001110001001111110000110
01110010001110001001111110000110
01110000000000011001110001001000
01111111111101110001111111111000
01111111111101110001111111111000
01111111111101110001111111111001
11110011111110000001110111111110
00000011111110000000000000111110
00000011111110000000000000111110
00000000011110000000000000111110
11100000011110000000000000111110
11100000011110000000000000111110
00001100011110000000001000111110
11111111111111100111110111111110
11111111111111100111110111111110
11111111111110000111111111111000
11111111110000010111111111110000
11111111110000010111111111110000
00000000000000010000000000001000
01100000001110000001001000000000
01100000001110000001001000000000
00000000000000000000000000000000
