00000000000000000000000000000000
00000000000000000000000000000000
00000000000000000000000000000000
00000000000001111110000000000000
00000000001110000000000000000111
00000000001110000000000000000111
11100011111111111111111111111000
00000011111111111111111111111000
00000011111111111111111111111000
00000011111110000000000000000000
00000011111110000000000000000000
00000011111110000000000000000000
00000011111110000000000000000000
00000011111111111111111111111000
00000011111111111111111111111000
00000011111111111111111111111000
00000011111111111111111111111111
11100000000001110001111111111111
11100000000001110001111111111111
00000000000000000000001111111111
00000000000000000000001111111111
00000000000000000000001111111111
11100000000001110000001111111111
11111111111110001111111111111111
11111111111110001111111111111111
00011111111111111111111111111000
00011111111111111111111111000000
00011111111111111111111111000000
00000000000000001110000000000000
00011100000000000000000000000000
00011100000000000000000000000000
00000000000000000001110000111000
