00000000000000000000000000000000
00000000000000000000001111000111
00000000000000000000001111000111
00000000000001110000000000000000
00000000000000000000000000000000
00000000000000000000000000000000
00011111111111111111111111000000
00011111111111111111111111000000
00011111111111111111111111000000
00011111110000000000000000000000
00011111110000000000000000000000
00011111110000000000000000000000
00011111110000000000000000000000
00011111111111111111111111000000
00011111111111111111111111000000
00011111111111111111111111000000
00011111111111111111111111111000
00000000000000001111111111111000
00000000000000001111111111111000
00000000000000001111111111111000
00011100000000000001111111111000
00011100000000000001111111111000
00000000000000000001111111111000
11111111110001111111111111111000
11111111110001111111111111111000
11111111111111111111111111000111
11111111111111111111110000111111
11111111111111111111110000111111
00011100000001110000000000000000
00000000000000000000001111000000
00000000000000000000001111000000
00000000000000001110000000000000
