00000000000000000000000000000000
00000000000000010000000000001000
00000000000000010000000000001000
00000000000000010110000000000001
10011100000000000000000000000110
10011100000000000000000000000110
01111111111101100111111111111110
01111111111100000111111111111110
01111111111100000111111111111110
01110000000010001000000000111110
01110010000000001000000000111110
01110010000000001000000000111110
01110001100000000000000001111001
01111111111100000000000001111001
01111111111100000000000001111001
01111111111100011000000111111000
01110011111110000000000111110000
00000000011110000000000111110000
00000000011110000000000111110000
00000000011111100000001111000001
00000000011111100000001111000000
00000000011111100000001111000000
00000000011110000000001111000000
11110011111111100000111110001000
11110011111111100000111110001000
11111111111111100000111110000000
11111111110000000000111110000000
11111111110000000000111110000000
00000001100000011000000000000000
00000001100000001000000000000000
00000001100000001000000000000000
00000000000000000001110000000000
