00000000000000000000000000000000
00000000000000000111000111000111
00000000000000000111000111000111
11111100000000000000000000000000
00000000000000000000000000000000
00000000000000000000000000000000
00000000011111111111111111111000
00000000011111111111111111111000
00000000011111111111111111111000
00000000011111100111111000000000
00011100011111100000000000000000
00011100011111100000000000000000
00000000011111100000000000000000
00000000011111111111111111111000
00000000011111111111111111111000
11100011111111111111111111111000
00000000011111100111111111111111
00000000011100000000000111111111
00000000011100000000000111111111
00000000000000000000000111111111
11111100000000000000000111111111
11111100000000000000000111111111
00000000000000000000000111111111
11100011111111100111111111111111
11100011111111100111111111111111
11111111111111111111111111111000
00011111111111111111111111000000
00011111111111111111111111000000
00000000000000000000111000000000
00000000000000000000000000000000
00000000000000000000000000000000
00000000000000000000000000000111
