00000000000000000000000000000000
11111100000000001110000000000000
11111100000000001110000000000000
00000000000000001110000000000111
11100000001110001110000000111000
11100000001110001110000000111000
00011111111111111111111111111000
11100011111111111111111111111000
11100011111111111111111111111000
11100011111110000000000000000000
00011111111110000000000000000000
00011111111110000000000000000000
00000011111111110000001111000000
00000011111111111111111111111000
00000011111111111111111111111000
00000011111111111111111111111000
00000011111110001111111111111111
00000011111110001110001111111111
00000011111110001110001111111111
00000000000000000000001111111111
00000011110000000000001111111111
00000011110000000000001111111111
00000000000000000000001111111111
00011111111110001111111111111111
00011111111110001111111111111111
00011111111111111111111111111000
00011111111111111111111111000000
00011111111111111111111111000000
00000000000000000000000000000000
00000000000000000000000000000000
00000000000000000000000000000000
00000000001111111110000000111111
