00000000000000000000000000000000
00000011100000000000000111000000
00000011100000000000000111000000
00011100000000000000000000000000
00011111111100000000000000000111
00011111111100000000000000000111
00000000011111111111111111111000
00011111111111111111111111111000
00011111111111111111111111111000
00000000011111100000000000111000
00011100011111100000000000000111
00011100011111100000000000000111
00000000011111111000000000000000
00000000011111111111111111111000
00000000011111111111111111111000
00000000011111111111111111111000
00000000011111100111111111111111
11100000000011111000000111111111
11100000000011111000000111111111
11100000011100011000000111111111
00000000000000000000000111111111
00000000000000000000000111111111
11100000000011100000000111111111
11100011111111100111111111111111
11100011111111100111111111111111
00000011111111111111111111111000
00000011111111111111111111000111
00000011111111111111111111000111
00000000000000000000000000000000
00000000000000000000000000000111
00000000000000000000000000000111
00000000011100000000000000000111
