00000000000000000000000000000000
00000000000000000000001111000000
00000000000000000000001111000000
00000000000001110000000000000111
11100000000000000000000000000111
11100000000000000000000000000111
00011111111111111111111111000000
00011111111111111111111111000000
00011111111111111111111111000000
00011111110000000000000000111000
00011111111110000000001111000000
00011111111110000000001111000000
00011111110000001110000000000000
00011111111111111111111111000111
00011111111111111111111111000111
00011111111111111111111111111000
00011111111111111111111111111000
00011100000000000001111111111000
00011100000000000001111111111000
11100000000000000001111111111000
00000011110000000001111111111000
00000011110000000001111111111000
00011100000000000001111111111000
11111111110001111111111111111000
11111111110001111111111111111000
11111111111111111111111111111000
11111111111111111111110000000000
11111111111111111111110000000000
11111100000000000000000000000000
00000011110000000001111111000000
00000011110000000001111111000000
00011111110000000000001111000000
