00000000000000000000000000000000
00000000000000000000000111000000
00000000000000000000000111000000
00011100000000011000000000000000
00000000000000000000000000000000
00000000000000000000000000000000
11100011111111111111111111111111
11111111111111111111111111111111
11111111111111111111111111111111
11100000000000000000000111111111
00000011100000000000000111111111
00000011100000000000000111111111
00000000011100000000111111111000
00011111100000000000111111111000
00011111100000000000111111111000
00000000000000000111111111111000
00000000000000000111111111000000
00011100000000000111111111000000
00011100000000000111111111000000
00000000000000011111111000000000
00000011100000011111111111000000
00000011100000011111111111000000
00000000000000011111111000000000
00011111100011111111000000000000
00011111100011111111000000000000
00000000000011111111000000000000
00000000000011111111000000111000
00000000000011111111000000111000
00000000000000000000000000000000
00011100011100000000000000000000
00011100011100000000000000000000
00011100011111100000000000000000
