00000000000000000000000000000000
00000000000000001110001111000000
00000000000000001110001111000000
00000000000000000001110000000000
11100000000000000000000000000000
11100000000000000000000000000000
00011111111111111111111111111111
00011111111111111111111111111111
00011111111111111111111111111111
00000000000000001111111111111111
00000000000000001110001111111111
00000000000000001110001111111111
00000011110000000001111111111000
00000000000000000001111111111000
00000000000000000001111111111000
11100000001110001111111111111000
11100000000000001111111111111000
00000000000000001111111111000000
00000000000000001111111111000000
00000011110001111111110000000000
11100000000001111111110000000000
11100000000001111111110000000000
00011100000001111111111111000000
00000000001111111111110000000000
00000000001111111111110000000000
00000000001111111110000000111111
00000000001111111110000000000000
00000000001111111110000000000000
00000000000000000000000000111000
00000000000000000000000000000000
00000000000000000000000000000000
00011100000000000000001111111000
