00000000000000000000000000000000
00000011111111111110000000000000
00000011111111111110000000000000
00000000000001111110000000000000
00000000000000000000000000000000
00000000000000000000000000000000
00000000000000000000000000000000
11111100000001111110000000000000
11111100000001111110000000000000
00000000000000000001111111000000
00000000000000000001111111000000
00000000000000000001111111000000
00000000000000000000000000000000
00000000000001111110000000000000
00000000000001111110000000000000
11111100000000000000000000000000
00000000000000000000000000000000
00000011111110000000000000000000
00000011111110000000000000000000
00000011111111111110000000000000
00000000000000000001111111000000
00000000000000000001111111000000
11111100000001111110000000000000
00000000000001111110000000000000
00000000000001111110000000000000
00000011111110000000000000000000
00000000000001111110000000000000
00000000000001111110000000000000
11111100000000000000000000000000
11111100000000000000000000111111
11111100000000000000000000111111
00000000000000000000000000111111
