00000000000000000000000000000000
11100000000000000000000000000000
11100000000000000000000000000000
11100000000000000000000000111000
00000000000000000000000000000000
00000000000000000000000000000000
11111111111111111111111111000111
11111111111111111111111111000000
11111111111111111111111111000000
00000000000000011111111111000111
00000000000000011111111111111000
00000000000000011111111111111000
00000000000000011111111000111000
00000000000000011111111000000111
00000000000000011111111000000111
00000000000011111111111000111000
00000000000011111111000000000000
00000000011111111111111000000000
00000000011111111111111000000000
00011111111111111000000000000000
00000011111111111000000000000000
00000011111111111000000000000000
00000000011111111000000000000000
00000011111111100000111000000000
00000011111111100000111000000000
00000011111111100000111000111000
00000011111111100000000000000111
00000011111111100000000000000111
11111100000000000111000000000111
00000000000000000000000000000000
00000000000000000000000000000000
00000000000000011111000000000000
