00000000000000000000000000000000
00011000000000000000000000000000
00011000000000000000000000000000
11111111000000000000000000000000
11100111000000000000011111100000
11100111000000000000011111100000
00000111111111111111111111111000
11111111111111111111111111111000
11111111111111111111111111111000
00000000000000000001111111111000
00000000000000000000011111111000
00000000000000000000011111111000
00000000000000000001111111100000
00000000000110000001111111111000
00000000000110000001111111111000
00000000000001111111111111100000
00011000000000001111111100000000
11100111000000001111111111100000
11100111000000001111111111100000
00000000000001111111100000000111
00000000000001111111100000000111
00000000000001111111100000000111
00000111000001111111111100000111
00000000000111111110011100000000
00000000000111111110011100000000
00000111000111111110000000000000
00000000000111111110000000011000
00000000000111111110000000011000
00000000000000001110000000000000
00000000000110000000000000000000
00000000000110000000000000000000
00011000000000000000000000000000
