00000000000000000000000000000000
00000000000000000000000000111000
00000000000000000000000000111000
00000000000000000000000000000111
00000000000000000000001111000000
00000000000000000000001111000000
00011111111111111111111111111111
00011111111111111111111111111111
00011111111111111111111111111111
00011100000000000000001111111111
00000000000001110000001111111111
00000000000001110000001111111111
00000000000000000001111111111111
00000000000001111111111111111000
00000000000001111111111111111000
00011111110000001111111111111000
00000000001110001111111111000000
00000011110000001111111111000000
00000011110000001111111111000000
00000000000001111111110000000000
00000000000001111111110000000000
00000000000001111111110000000000
00000000000001111111110000000000
11100000001111111110000000111000
11100000001111111110000000111000
11100000001111111110000000000111
11100011111111111110000000000000
11100011111111111110000000000000
00000000001111110000000000000000
00000000000000000000000000000111
00000000000000000000000000000111
00000000000000000000000000000000
