00000000000000000000000000000000
00000000000000001110000000000000
00000000000000001110000000000000
11100000000000000000000000000000
11100000000001110000000000111111
11100000000001110000000000111111
00011111111111111111111111111111
11111111111111111111111111111111
11111111111111111111111111111111
00000000000000000000001111111111
00000000000000000000001111111111
00000000000000000000001111111111
00011100000000000001111111111000
00000000000000000001111111111000
00000000000000000001111111111000
00011111110000001111111111111000
00000000000000001111111111000111
11100000000000001111111111000000
11100000000000001111111111000000
00000000000001111111110000000000
00000000000001111111110000111111
00000000000001111111110000111111
00000000000001111111110000000111
00000000001111111110000000000000
00000000001111111110000000000000
00000000001111111110000000000000
00011100001111111110000000000000
00011100001111111110000000000000
00000011110001110000000000000000
00000000000001111111110000000000
00000000000001111111110000000000
11100000000000001110000000000000
