00000000000000000000000000000000
00000000000000000000000000000000
00000000000000000000000000000000
00000000000000000000000000000000
00000000111000000000011111100000
00000000111000000000011111100000
11111111111111111111111100000000
11111111111111111111111100000000
11111111111111111111111100000000
00000111000000001111111100000000
11100000000000001111111111100000
11100000000000001111111111100000
00000111111001111111100000000000
00000000000001111111100000011000
00000000000001111111100000011000
00000000111111111111100000011000
00000111000111111110000011100000
00011000000111111111100000000000
00011000000111111111100000000000
00000111111111110000000011111111
00000000111111111110000011100000
00000000111111111110000011100000
11100000111111111110000000000111
11111111111110000000000000000111
11111111111110000000000000000111
00000111111110000000000000000111
11100111111110000000011100000000
11100111111110000000011100000000
00011000111001110000000000000000
00000000111000001110000000011111
00000000111000001110000000011111
00000000000000000001100011100000
