00000000000000000000000000000000
00000001111000000011100000000000
00000001111000000011100000000000
00000000000000000011111110000000
00000000000000000011100001110000
00000000000000000011100001110000
11111111111111111111111111111111
11111111111111111111111111111111
11111111111111111111111111111111
00000000000000111100011111111111
11111110000000000000011111111111
11111110000000000000011111111111
00000000000000000011111111110000
00001110000000111111111111110000
00001110000000111111111111110000
00000001111000111111111111110000
00000000000000111111111110000000
00000000000000111111111110000000
00000000000000111111111110000000
00001110000111111111100001110000
00001110000111111111100001110000
00001110000111111111100001110000
00000000000111111111100000000000
00000001111111111100011111111111
00000001111111111100011111111111
00000001111111111100000000000000
00000001111111111100000000000000
00000001111111111100000000000000
11110000000000000000000000000000
00000001111000000000011110000000
00000001111000000000011110000000
00000001111000000000011110000000
