00000000000000000000000000000000
00000000001111111110000000000000
00000000001111111110000000000000
00000000000001110000000000000000
00000000000000000000000000111000
00000000000000000000000000111000
11111111111111111111111111111000
11111111111111111111111111111000
11111111111111111111111111111000
00000000000000000001111111111000
00011100000001110001111111111000
00011100000001110001111111111000
00011100000000001111111111000000
00000011110000001111111111000000
00000011110000001111111111000000
00000000000001111111111111000000
00000000000001111111110000000000
00000000000001111111110000000000
00000000000001111111110000000000
00000000001111111110000000000111
00000000001111111110000000000111
00000000001111111110000000000111
00000000001111111110001111000111
00011111111111110000001111111111
00011111111111110000001111111111
00000011111111110000000000000000
00000011111111110000000000000000
00000011111111110000000000000000
00000000000000000000001111000000
00000011110000001110000000000000
00000011110000001110000000000000
00000000000000000000000000000000
