00000000000000000000000000000000
00000000000000000000000000000011
00000000000000000000000000000011
00000000000000000000000000000011
00000000000000000000000000000000
00000000000000000000000000000000
00000111111111111111111111100000
00000111111111111111111111111100
00000111111111111111111111111100
00111001110000000000111111100000
00111000001100011000111111100011
00111000001100011000111111100011
00000000000000000111111111100000
00000000000000000111111110000000
00000000000000000111111110000000
11000000000000011111111110000000
11000001110000011111110000000000
11111000001100011111110000000000
11111000001100011111110000000000
00000000000011111111110000000000
00111000000011111111000001100011
00111000000011111111000001100011
00111110000011111111000000011100
00000000001111111000001110000000
00000000001111111000001110000000
00000000001111111000111110000000
00000000001111111000000000011100
00000000001111111000000000011100
00000001110000000000000000011100
00111000000011100000000000000011
00111000000011100000000000000011
00000110000000011000000000000000
