00000000000000000000000000000000
00011111000000000000000000000111
00011111000000000000000000000111
00000000000000000000000000011000
00000000000000000000000000000000
00000000000000000000000000000000
00011111111111111111111111100111
11111111111111111111111111100111
11111111111111111111111111100111
00000000000110001111111111100111
00000111000000000001111111111000
00000111000000000001111111111000
00000000000000001111111100000000
00000000000000001111111111111000
00000000000000001111111111111000
00000111000001111111111100011111
00000000000001111111111111100000
00000000000001111111100000000000
00000000000001111111100000000000
00000000000111111110000000000000
11100000000111111110011100011000
11100000000111111110011100011000
11100111111111111110000000000000
00000000111111110000000000000000
00000000111111110000000000000000
00000111111111110000011111100111
00000000111111110001100000000000
00000000111111110001100000000000
00000000111000000000000000000000
00000111000000000000000000000000
00000111000000000000000000000000
00000000111110000000000000000000
