00000000000000000000000000000000
00000000000000011000111000000000
00000000000000011000111000000000
00000011100000000000000000000000
00000000000000000000000000111000
00000000000000000000000000111000
11111111111111111111111000000000
11111111111111111111111111000000
11111111111111111111111111000000
11111111100000011111111111000000
00011100000011100111111111000000
00011100000011100111111111000000
00011100011100000000111111111000
00011100011100000111111111111000
00011100011100000111111111111000
00000000000000000111111111000000
11100011100011111111111111000111
00000011100011111111111000000111
00000011100011111111111000000111
00000000011111111111000000000000
00000011111111111111000000111000
00000011111111111111000000111000
00011111111111100000000111000000
11111111111100000000111000111111
11111111111100000000111000111111
11111111111111111111111111111111
11111111111111111111111111111000
11111111111111111111111111111000
00000011100011100000000000000111
00000000000000000000000111000000
00000000000000000000000111000000
00011100000011100111000000111000
