00000000000000000000000000000000
00000000000011100000000000000000
00000000000011100000000000000000
00000000000000000000111000000000
00000000000000000000000000000000
00000000000000000000000000000000
11111111111111111111111111000000
00011111111111111111111111111000
00011111111111111111111111111000
00011111111100000111111111111000
00000000000000000000111111111000
00000000000000000000111111111000
11100011100000000000000111111111
00000000000000000000111111111111
00000000000000000000111111111111
00011100000000000000111111111000
00011100000000000111111111111000
00000000000011111111111111111000
00000000000011111111111111111000
11100000000011111111111000000000
11111100011111111111000111000000
11111100011111111111000111000000
00000011111111111000000000000000
00011111111111100000000111000000
00011111111111100000000111000000
11111111111111111111111111111111
00011111111111111111111111111111
00011111111111111111111111111111
00000000000000000000000000000000
00000000000000000000000000000111
00000000000000000000000000000111
00000000000000000000000000000000
