00000000000000000000000000000000
00000000000000000111000000000000
00000000000000000111000000000000
00000000000000000000000111000000
00000000000011100000000000111000
00000000000011100000000000111000
00011111111111111111111111111000
00011111111111111111111111111000
00011111111111111111111111111000
00011111111100011111111111111111
00000000000000000111111111111000
00000000000000000111111111111000
00000000000000000000000111111111
00000000000000000111111111111111
00000000000000000111111111111111
00000011111100000000111111111000
00000000000000000111111111111000
00000000000000011111111111000000
00000000000000011111111111000000
00011111100011111111111111000000
11100000011111111111000000000000
11100000011111111111000000000000
11100011111111111000000000000000
00011111111111100000000000000111
00011111111111100000000000000111
00011111111111111111111111111111
00011111111111111111111111111111
00011111111111111111111111111111
00000000011111100111000000000000
00011100011100000000000000000000
00011100011100000000000000000000
00000011100011100000000000000000
