00000000000000000000000000000000
11100000000110000000000000011000
11100000000110000000000000011000
11100000000000000000000000000000
00000000111000000001100000000000
00000000111000000001100000000000
00011111111111111111111100000000
00011111111111111111111111100000
00011111111111111111111111100000
00011111111000001111111111100000
00000000000000000001111111100000
00000000000000000001111111100000
00000000000000000000011111111000
00000000000001110001111111111000
00000000000001110001111111111000
00000000000000000001111111100000
00000111000000001111111111100000
00000000000001111111111100000000
00000000000001111111111100000000
11100000000111111111100000000000
00011000111111111110011100000000
00011000111111111110011100000000
00000111111111110000000000000000
00011111111110000000000000000111
00011111111110000000000000000111
11111111111111111111111111111000
00011111111111111111111111111000
00011111111111111111111111111000
00000000000000000001100000011000
00000000000110000000000000000111
00000000000110000000000000000111
00000000000000000001100011100111
