00000000000000000000000000000000
11111000000001110000000000000111
11111000000001110000000000000111
00000000000000000000000000000111
00000000000000001111100000000000
00000000000000001111100000000000
00011111111111111111111100000000
11111111111111111111111111100000
11111111111111111111111111100000
00011111111001111111111111100000
00000000000000000001111111100000
00000000000000000001111111100000
00000000000000000001111111111111
11111111000000000001111111111000
11111111000000000001111111111000
11100000000000000001111111111111
00011000000000001111111111100000
00000000111001111111111100000111
00000000111001111111111100000111
00000000000111111111111100000000
00000000111111111110000000000000
00000000111111111110000000000000
00011111111111110000011100000000
00011111111110000000000011100000
00011111111110000000000011100000
00011111111111111111111111111000
00011111111111111111111111111000
00011111111111111111111111111000
00000000000001111111100000000000
00000000000110000000000000000000
00000000000110000000000000000000
00000000000000000000000011100000
