00000000000000000000000000000000
01100000000000010000011000000110
01100000000000010000011000000110
00000000000000000000000000000000
00000000100000000000000000000000
00000000100000000000000000000000
11111111111000001111111111100111
11111111111100001111111111110110
11111111111100001111111111110110
11110001111100001111100111110000
01101000111100000000000111110001
01101000111100000000000111110001
00000000011110000110000001111000
11100000111111100000000011111001
11100000111111100000000011111001
00010000111110001000000011110001
00000001111100000001000111110001
00000111111000000000011111101000
00000111111000000000011111101000
00001111100000010001111110011000
00011111000000011001111100000000
00011111000000011001111100000000
01111111000001111111111000000110
11111000000101101111100000010110
11111000000101101111100000010110
11111111111110001111111111111110
11111111111110011111111111111000
11111111111110011111111111111000
00000000000000000000100001101000
00000000000000000000100101100000
00000000000000000000100101100000
00000001000000000000000001100000
