00000000000000000000000000000000
00000000000000000000000000000000
00000000000000000000000000000000
00000000000001110001110000000000
00000000000000001110001111000000
00000000000000001110001111000000
11111111111111111111111111000000
11111111111111111111111111111000
11111111111111111111111111111000
11111111110000001111111111111000
00011100001110001111111111111000
00011100001110001111111111111000
00000000001110000000001111111111
00000000000000000001111111111111
00000000000000000001111111111111
00000000000000000001111111111000
00000000000000001111111111111000
00011100000001111111111111000000
00011100000001111111111111000000
00011100001111111111110000000000
00000011111111111110000000000000
00000011111111111110000000000000
00011111111111110000000000000000
11111111111110000000000000000000
11111111111110000000000000000000
11111111111111111111111111111111
11111111111111111111111111111111
11111111111111111111111111111111
11100000000000000000000000000000
00000000001110001110000000000000
00000000001110001110000000000000
00000000000000000000000000000000
