00000000000000000000000000000000
00000000000000000000000000000000
00000000000000000000000000000000
11100000000000000000000000000000
11100000000000000000000000000000
11100000000000000000000000000000
00011111111111111111111100000000
00011111111111111111111111100000
00011111111111111111111111100000
00011111111001111111111111100000
00000000000001110001111111100000
00000000000001110001111111100000
00000000000000001110011111111000
00000000000111111111111111111000
00000000000111111111111111111000
11100000000110000001111111100000
00000000000110001111111111100000
11111000000001111111111100000111
11111000000001111111111100000111
00011000111111111111100000000111
00000000111111111110000000000111
00000000111111111110000000000111
00000111111111110001100000000000
00011111111110000000011111100000
00011111111110000000011111100000
00011111111111111111111111111000
00011111111111111111111111111000
00011111111111111111111111111000
00011000000000000001100000000000
11100000000000000000011100000000
11100000000000000000011100000000
00000000000000000000011100000000
