00000000000000000000000000000000
00000000000000000000000000000000
00000000000000000000000000000000
00000000000000001000000110000000
00000000001100000000000000000110
00000000001100000000000000000110
01111111111100000111111111111000
01111111111101100111111111111110
01111111111101100111111111111110
01110010000011100111110001111110
01110000000001100000001000111110
01110000000001100000001000111110
01110000001100000000000110001111
01111111111100000001000110111111
01111111111100000001000110111111
01111111111100001000110000111110
01110011111110001110000001111110
00000000011110010000000111111000
00000000011110010000000111111000
00000000011111110110001111110000
01100000011110000000111111000000
01100000011110000000111111000000
00000000011110000111111110000000
11110011111110000111111000000000
11110011111110000111111000000000
11111111111100000111111111111111
11111111110000010111111111111111
11111111110000010111111111111111
10000000001100000000000000000000
00000000000010000000000000000000
00000000000010000000000000000000
00000010000000000000000000000000
