00000000000000000000000000000000
00000000000000000111000000000000
00000000000000000111000000000000
00000000000011100111111000111000
00000000000011100000000000000000
00000000000011100000000000000000
00011111111111111111111111000000
00011111111111111111111111111000
00011111111111111111111111111000
11111111111100000111111111111000
11100000000000000000111111111111
11100000000000000000111111111111
00000000000000000000000111111111
11100000000000011000111111111111
11100000000000011000111111111111
00000000000000011000111111111000
11100000000000011111111111111000
00000000000000011111111111000000
00000000000000011111111111000000
00011100000011111111111111000111
11100000011111111111000000000000
11100000011111111111000000000000
00000011111111111000000000000000
00011111111111100000000000000000
00011111111111100000000000000000
00011111111111111111111111111111
11111111111111111111111111111111
11111111111111111111111111111111
00000000000000000000000000000000
00011100000000000000000000000000
00011100000000000000000000000000
00000000000000000000000000000000
