00000000000000000000000000000000
00000000000000000000000000000000
00000000000000000000000000000000
00000000000000000000000000000000
00000011110001110001110000111000
00000011110001110001110000111000
11111111111111111111111111000000
11111111111111111111111111111000
11111111111111111111111111111000
11111111110001111111111111111000
00000000000000001111111111111000
00000000000000001111111111111000
00000000000000001110001111111111
00011100000000000001111111111111
00011100000000000001111111111111
00000000000000000001111111111000
00000000000000001111111111111000
00011100000001111111111111000000
00011100000001111111111111000000
00000000001111111111110000000000
00000011111111111110000000000000
00000011111111111110000000000000
00011111111111110001110000000000
11111111111110000000000000000000
11111111111110000000000000000000
11111111111111111111111111111111
11111111111111111111111111111111
11111111111111111111111111111111
00000000000000000001110000000000
11111100000000001110000000000000
11111100000000001110000000000000
00000000000000000000000000111000
