00000000000000000000000000000000
00011000000110000000000000000111
00011000000110000000000000000111
00000000000001111110000011100111
00000000000000000000000000000000
00000000000000000000000000000000
00011111111111111111111100000000
00011111111111111111111111100000
00011111111111111111111111100000
00011111111000001111111111111000
00000000111000000001111111100000
00000000111000000001111111100000
00011000000001110000011111111000
00000111000000000001111111111000
00000111000000000001111111111000
11100000000000001111111111100000
00000000000000001111111111100000
00000000000001111111111100011000
00000000000001111111111100011000
00000000000111111111100011100111
11100000111111111110011100000000
11100000111111111110011100000000
11100111111111110000000000000000
00011111111110000000011100000000
00011111111110000000011100000000
00011111111111111111111111111111
00011111111111111111111111111111
00011111111111111111111111111111
00000000111000000001100000000111
00000000000000000000000000000111
00000000000000000000000000000111
00000000000000000000000011100000
