00000000000000000000000000000000
00000000000000000000000000000000
00000000000000000000000000000000
00000000000000000000011100000111
00000000111000000001100011100000
00000000111000000001100011100000
00000111111111111111111111100000
00000111111111111111111111111000
00000111111111111111111111111000
00000111111110000001111111111111
00000000000000001110011111111000
00000000000000001110011111111000
00000000000000001110000011111111
00000000000000001110011111111111
00000000000000001110011111111111
00011000000000001110011111111111
00011000000000000001111111111000
00000000000000001111111111111000
00000000000000001111111111111000
00000000000001111111111100000000
11111000000111111111100000011000
11111000000111111111100000011000
00000111111111111110000000000000
00000111111111111111100000000000
00000111111111111111100000000000
00000111111111111111111111111111
00000111111111111111111111111111
00000111111111111111111111111111
11100000000000000000000011100000
11111000000000000000011100000000
11111000000000000000011100000000
00000000000110000000000000000111
