00000000000000000000000000000000
10001100000000000110000000000000
10001100000000000110000000000000
00000010000000000000000000000000
00001100000000000000000000000000
00001100000000000000000000000000
11111111111110000000001111111000
11111111111111111000111111111110
11111111111111111000111111111110
01111110011111110001111110111111
10000000001111101111111000001111
10000000001111101111111000001111
00000000000011111111111110001111
00001100001111110001111110111111
00001100001111110001111110111111
00000010011111100001110111110111
00000000011111111001111001110111
00011101111110001001110000001111
00011101111110001001110000001111
00000011111100000001111000001111
00011111110010010001111000001111
00011111110010010001111000001111
00011111100000000001111000001111
01111110001100010001111110111111
01111110001100010001111110111111
11111111111111110000111111111110
01111111111111111000001111111000
01111111111111111000001111111000
00000000001100000000000000000000
00000011100000000000000000000001
00000011100000000000000000000001
00000000001100000110000000000000
