00000000000000000000000000000000
00000000000000000000000000000000
00000000000000000000000000000000
11100000001110000000000000000000
00000000000000000000000000000000
00000000000000000000000000000000
11111111111111111111111111000000
11111111111111111111111111111111
11111111111111111111111111111111
11111111110000001111111111111111
00000000000000000001111111111000
00000000000000000001111111111000
00011100000000000001111111111000
00000000000000001111111111111111
00000000000000001111111111111111
00000000001111111111111111000000
00000011111111111111111111000000
00000000000000001111111111111000
00000000000000001111111111111000
11100000000000001111111111111000
00000000000000000000001111111111
00000000000000000000001111111111
00000000000000000001111111111000
11111111111111111111111111111000
11111111111111111111111111111000
11111111111111111111111111111000
11111111111111111111111111000000
11111111111111111111111111000000
11111100001110000000000000000000
00000000000000000001110000000000
00000000000000000001110000000000
00000011111110000000000000111000
