00000000000000000000000000000000
00000000000000001110000000000000
00000000000000001110000000000000
00000000000000000000000000000111
00000000000000000000000000000000
00000000000000000000000000000000
11111111111111111111111111000000
11111111111111111111111111111000
11111111111111111111111111111000
11111111110000001111111111111000
00000000001110000001111111111000
00000000001110000001111111111000
00000000000000000001111111111000
00000000001110001111111111111000
00000000001110001111111111111000
00000000001111111111111111000000
00000000001111111111111111000000
00000000000000001111111111111000
00000000000000001111111111111000
00000011111110000001111111111111
11100000000000000000001111111111
11100000000000000000001111111111
00000000000000000001111111111000
11111111110001111111111111111000
11111111110001111111111111111000
11111111111111111111111111111000
11111111111111111111111111000000
11111111111111111111111111000000
00000000000000000000000000000000
00000000000000001110000000000000
00000000000000001110000000000000
00000000000000000001110000000000
