00000000000000000000000000000000
11100000000000000000000000000000
11100000000000000000000000000000
11111000000111110000011100011000
00011000111000000000000011111000
00011000111000000000000011111000
00000000000111111111111111111111
11100000111111111111111111111000
11100000111111111111111111111000
00000000111111110000000000000000
00000000000111110001111100000000
00000000000111110001111100000000
00000000111111110000000011111000
00000000000111111111111111111000
00000000000111111111111111111000
00000000000111111111111111111000
11100000000111110001111111111111
00000111000000001110011111111111
00000111000000001110011111111111
00011111000000000000000011111111
00000000000000000000000011111111
00000000000000000000000011111111
00000000000001110000000011111111
00000000111111110001111111111111
00000000111111110001111111111111
00000000111111111111111111111000
00000000111111111111111111100000
00000000111111111111111111100000
00000111111000000000000000011000
00011000000001110000000011100000
00011000000001110000000011100000
00000000000111111110011100000000
