00000000000000000000000000000000
00000000000000000000000000000000
00000000000000000000000000000000
00000000000000000000000000000000
00000000000000000000000000111000
00000000000000000000000000111000
11111111111111111111111111111000
00011111111111111111111111111111
00011111111111111111111111111111
00011111111111110001111111111111
00000000001110000000001111111111
00000000001110000000001111111111
11100000000000000000001111111111
00000000000000000001111111111111
00000000000000000001111111111111
11111100000001111111111111111000
11100011110001111111111111111111
00011100000000000001111111111111
00011100000000000001111111111111
00000000000000000000001111111111
00000000000000000000000000111111
00000000000000000000000000111111
00000000000000000000001111111111
00011111111110001111111111111111
00011111111110001111111111111111
00011111111111111111111111111111
00011111111111111111111111111000
00011111111111111111111111111000
00000000001110000000000000111000
11111100000001110000000000000000
11111100000001110000000000000000
00000000000000000000000000000000
