00000000000000000000000000000000
00000000111111110000000000000111
00000000111111110000000000000111
11100000000000001110011100000000
00000000000001111110000000011000
00000000000001111110000000011000
00011111111111111111111100011111
00011111111111111111111111100000
00011111111111111111111111100000
00011111111000001111111111100000
00000000000110001111111111100000
00000000000110001111111111100000
00000000000001110001111111100000
00000111000000001111111111100000
00000111000000001111111111100000
00000000000111111111111100000000
11100111000111111111111100000000
11100000000110001111111111100000
11100000000110001111111111100000
00011111000000000001111111100000
00000000000000000000011111100111
00000000000000000000011111100111
00000000000110000001111111111111
00011111111001111111111111100000
00011111111001111111111111100000
00011111111111111111111111100111
00011111111111111111111100000111
00011111111111111111111100000111
00000000000000000000000011100000
00000000111001110000011100000000
00000000111001110000011100000000
00000111000000001110000011100000
