00000000000000000000000000000000
00000000000010000000000001100100
00000000000010000000000001100100
00000000000001100000000000000000
00000000000000000000000000000100
00000000000000000000000000000100
11111111000000000000111111111000
11111111000000000001111111111100
11111111000000000001111111111100
11111111000000000111111101111111
00000111000000000111110000011111
00000111000000000111110000011111
00000111000000011111110000011111
00000111000000000111110000011111
00000111000000000111110000011111
00011111000001100111000011100111
00000111110000000111000011100111
00000111000000000111000000011111
00000111000000000111000000011111
00000111000000000111110010011111
11011111000000011111110000011111
11011111000000011111110000011111
00000111000000011111110000011111
00000111001100000111111101111111
00000111001100000111111101111111
11111111111110000001111111111100
11111111111111111000111111111000
11111111111111111000111111111000
11011000000001100001000000000000
00000000110000000000000000000000
00000000110000000000000000000000
00000000000000000000000000000011
