00000000000000000000000000000000
00000000011100000000000000000111
00000000011100000000000000000111
00000000000000000000000000000000
11100000000000000000000000000000
11100000000000000000000000000000
11111111111111111111111000000000
11111111111111111111111111000000
11111111111111111111111111000000
11111111100000011111111111000000
00000000000000000111111111000000
00000000000000000111111111000000
00000000000000000111111111111000
00000011100000011111111111111000
00000011100000011111111111111000
00000000011111111111111000000000
11100011111111111111111000000000
11100011111111111111111111000000
11100011111111111111111111000000
00000000011111100111111111000000
00000000000000000000111111000000
00000000000000000000111111000000
00000011111111100111111111111000
11111111100011111111111111000000
11111111100011111111111111000000
11111111111111111111111111000000
11111111111111111111111111000111
11111111111111111111111111000111
00000000000000000000000000000111
00011111100000000000000000000111
00011111100000000000000000000111
00011100000011100000000111000111
