00000000000000000000000000000000
11111110000000000011100000000000
11111110000000000011100000000000
00000000000000000000000001110000
00000000000000111100000000000000
00000000000000111100000000000000
11111111111111111111111111110000
11111111111111111111111111111111
11111111111111111111111111111111
11111111111000000011111111111111
00000000000000000011111111111111
00000000000000000011111111111111
00000001111000000011111111111111
00000000000000000011111111111111
00000000000000000011111111111111
00000000000111111111111111110000
00000000000111111111111111110000
00001110000111111111111111111111
00001110000111111111111111111111
00000000000111000000011111111111
00000000000000111100000001111111
00000000000000111100000001111111
11110001111111000011111111111111
11111111111000111111111111111111
11111111111000111111111111111111
11111111111111111111111111111111
11111111111111111111111111110000
11111111111111111111111111110000
11110000000000000000011110001111
11110000000000000000000000000000
11110000000000000000000000000000
00000000000000000000000000000000
