00000000000000000000000000000000
00000000000000000000000111110110
00000000000000000000000111110110
01101100000001101110000000000000
00000010000000011110000000000000
00000010000000011110000000000000
01111111111111100000111111111001
01111111111111101001111111111110
01111111111111101001111111111110
00000000001111100001111111111111
00000001111111101001111000111111
00000001111111101001111000111111
00000000011110011001110000000111
00000010011110010001111000001111
00000010011110010001111000001111
11100001111110000111111110111111
00000011111100000111111111111111
10000001111100001000111111111111
10000001111100001000111111111111
10000011110000000000000000001111
00000011110000001000001000001111
00000011110000001000001000001111
00000011111100000000000000111111
01111111100000001110111001111110
01111111100000001110111001111110
10011111100001100000111111111110
00001111100000010000111111111000
00001111100000010000111111111000
00000001100000000000000000001000
00000000000001110000000001001110
00000000000001110000000001001110
10010000011100001000000000000110
