00000000000000000000000000000000
00000000000000000000111000000000
00000000000000000000111000000000
00000000000000000000000000000000
00000000000000000000000000111000
00000000000000000000000000111000
00000011111111111111111111111000
00000011111111111111111111111111
00000011111111111111111111111111
11100011111111100000111111111111
00000000000000000000000111111111
00000000000000000000000111111111
00000000000000000000000111111111
00000000000000000111111111111111
00000000000000000111111111111111
11111100000000011111111111111000
00011100000000011111111111111000
00000000000000000000111111111111
00000000000000000000111111111111
00011100011100000000000111111111
00000000000000000000000000111111
00000000000000000000000000111111
11100000000000000000000111111111
00000011111111100111111111111111
00000011111111100111111111111111
00000011111111111111111111111111
00000011111111111111111111111000
00000011111111111111111111111000
00000000000000000000000000000111
11100000000000011000000111000000
11100000000000011000000111000000
11100000000000011000000000000000
