00000000000000000000000000000000
00011100000000000011000000000000
00011100000000000011000000000000
00000000100000000000000000000000
00000000000000000100000000100000
00000000000000000100000000100000
11111111000000011111111111100000
11111111000011011111111111111100
11111111000011011111111111111100
11111111000011011111000111111111
00011111000000111011000011111000
00011111000000111011000011111000
11000111011000000000000011111011
00100111000000000111000111111011
00100111000000000111000111111011
00000111100011011000111111100000
00000111000000000000111111100000
00100111000000011000100111111100
00100111000000011000100111111100
00011111100000100111100011111000
00000111100000100000000000111000
00000111100000100000000000111000
00000111000100011000000011111000
00100111011000011111011111111011
00100111011000011111011111111011
11111111111111011111111111111000
11111111111100011111111111100000
11111111111100011111111111100000
00000100100000000000011000000000
11000011000100000000000011000000
11000011000100000000000011000000
00000000000000000000000000100000
