00000000000000000000000000000000
00000000000000000000000000000000
00000000000000000000000000000000
11110000000000000000000000000000
00000000000111000000000000000000
00000000000111000000000000000000
11111111111111111111111111110000
11111111111111111111111111111111
11111111111111111111111111111111
11111111111000000011111111111111
00000000000000000000011111111111
00000000000000000000011111111111
00000001111111000000011111111111
00000000000000000011111111111111
00000000000000000011111111111111
00000000000111111111111111110000
00000000000111111111111111110000
00000000000000000011111111111111
00000000000000000011111111111111
00001110000000000000011111111111
00000000000000000000000001111111
00000000000000000000000001111111
00000000000000000011111111111111
11111111111111111111111111111111
11111111111111111111111111111111
11111111111111111111111111111111
11111111111111111111111111111111
11111111111111111111111111111111
00000000000000000000000000000000
00000000000111000000011110001111
00000000000111000000011110001111
00000000000000000011100001110000
