00000000000000000000000000000000
00000000000000000000000000111111
00000000000000000000000000111111
00011100000000011000000000111000
00000000000000000000000000000000
00000000000000000000000000000000
11111111111111111111111000000000
11111111111111111111111111000000
11111111111111111111111111000000
11111111111111111111111111000000
00011100000011100111111111111000
00011100000011100111111111111000
00000000000000000111111111000000
00000000000011111111111111000000
00000000000011111111111111000000
00000000011111111111111000000111
11100000011111111111111111000111
00011100000011111111111111000000
00011100000011111111111111000000
00000000000000011111111111000000
00000000011100000000111111000000
00000000011100000000111111000000
00000000000000000111111111000111
11111111100011111111111111000111
11111111100011111111111111000111
11111111111111111111111111000000
11111111111111111111111000000000
11111111111111111111111000000000
00000000011111111000111000000000
00000000000000000000000000000111
00000000000000000000000000000111
00000011100000000000000000000000
