00000000000000000000000000000000
00000000000000000000000111000000
00000000000000000000000111000000
00000000000000000000000000111000
00000000000000011111000000000111
00000000000000011111000000000111
00011111111111111111111111000111
00011111111111111111111111111111
00011111111111111111111111111111
00011111111100000111111111111000
00011100011100011000111111111000
00011100011100011000111111111000
00000000000000000000111111111000
00000000000000000111111111111000
00000000000000000111111111111000
00000000000011111111111111000000
00000011100011111111111111000000
00011100000000000111111111111000
00011100000000000111111111111000
00000000000000000000111111111000
11100000000011111000000111111000
11100000000011111000000111111000
11100000000011100000111111111000
00011111111100011111111111111000
00011111111100011111111111111000
00011111111111111111111111111000
00011111111111111111111111000000
00011111111111111111111111000000
11100000000000000000000000111111
00000000000000000000000000000000
00000000000000000000000000000000
00000000011100000000000000000111
