00000000000000000000000000000000
00000011110000000001110000000000
00000011110000000001110000000000
00000000000000000000000000000000
00011100001110000000000000000111
00011100001110000000000000000111
00011111111111111111111111111000
00011111111111111111111111111111
00011111111111111111111111111111
00011111111110000001111111111111
11100000000000001110001111111111
11100000000000001110001111111111
00000000000000000000001111111111
00000000000000000001111111111111
00000000000000000001111111111111
00000000000001111111111111111000
00000000000001111111111111111000
00000000001110000001111111111111
00000000001110000001111111111111
00000000000000000000001111111111
11100000000000000000000000111111
11100000000000000000000000111111
11100000001110000000001111111111
00011111111110001111111111111111
00011111111110001111111111111111
00011111111111111111111111111111
00011111111111111111111111111000
00011111111111111111111111111000
00000000000000000000000000000000
00000000000000000001110000000111
00000000000000000001110000000111
00000000000000000000000000000000
