00000000000000000000000000000000
00011100011111100111000111000000
00011100011111100111000111000000
00000000000000000000111000000000
00000000000000000000111111000000
00000000000000000000111111000000
00011111111111111111111111000000
00011111111111111111111111111111
00011111111111111111111111111111
00011111111100000111111111111111
00000000000000000111111111111000
00000000000000000111111111111000
11100000000000000000111111111000
11100011100000000111111111111000
11100011100000000111111111111000
00011100000011111111111111000000
11100000011111111111111111000000
00011100000000000111111111111000
00011100000000000111111111111000
00000000000000000000111111111000
11100000000000000000111111111000
11100000000000000000111111111000
00000011100000000000111111111000
00011111111100011111111111111000
00011111111100011111111111111000
00011111111111111111111111111000
00011111111111111111111111000000
00011111111111111111111111000000
00000011111100000000111000000000
00000000000000000000111000111000
00000000000000000000111000111000
00000000000000011000000000000000
