00000000000000000000000000000000
00001110000000000000000000000000
00001110000000000000000000000000
00001110000111000011100000001111
00000000000000000000000000001111
00000000000000000000000000001111
11111111111111111111111111110000
11111111111111111111111111111111
11111111111111111111111111111111
11111111111111000011111111111111
00000000000111000000011111111111
00000000000111000000011111111111
00000001111111000000011111111111
00000000000000000011111111111111
00000000000000000011111111111111
11110000000111111111111111110000
00000000000111111111111111110000
00000000000000000011111111111111
00000000000000000011111111111111
00000000000000000000011111111111
00000000000000000000000001111111
00000000000000000000000001111111
00001110000000000000011111111111
11111111111000111111111111111111
11111111111000111111111111111111
11111111111111111111111111111111
11111111111111111111111111110000
11111111111111111111111111110000
00000000000111000000011110000000
00000000000000000000011110000000
00000000000000000000011110000000
11110000000000000000000000000000
